5067.8 5546.66 1041.78 3874.96 1174.52 6054.16 6408.65 2227.03 8149.18 8244.83 3540.3 4797.07 3645.85 5695.18 4350.14 7189.71
3983.59 5709.87 3737.76 4647.96 1991.19 2860.8 2554.65 1968.47 3857.46 3145.63 4118.56 4211.88 4492.87 4791.17 2557.1 5474.78
5821.51 2232.05 546.55 3309.25 5172.12 4033.9 3446.74 3461.67 3038.25 8294.32 7510.62 2874.43 4170.77 6116.25 3395.58 6873.46
8971.55 3430.29 4255.79 7332.56 6804.66 2427.97 6055.15 9258.66 8510.14 12323.3 10240.6 7073.51 2668.32 7041.82 637.523 12533.6
7383.5 7328.99 6520.48 4909.82 4875.23 3356.71 2924.7 9967.07 5824.58 10727.5 12057.8 8976.03 4059.48 2612.35 8168.56 12848.3
2570.12 7414.61 4650.52 5686.81 5611.18 7728.61 4589 7119.33 7013.31 6385.09 7429.39 11897.5 2625.13 5877.16 13062.4 9922.88
1843.99 4277.55 3025.64 5529.98 6890.25 6248.96 9230.38 6164.85 3563 10986 10713.1 17564.2 7094.7 6380.44 12318.6 8868.67
2656.55 1603.42 1202.16 1375.39 2148.57 5937.85 11230.5 14019.5 17425.5 22025.7 28541.5 28073.4 18886.6 6216.8 5515.03 3289.63
964.189 2367.94 2528.35 3826.63 1989.55 3946.38 15689.3 18330.1 18429.1 25290.6 30088.3 26111.1 14832.7 6955.31 3336.37 6193.13
2740.94 456.906 4175.06 5516.19 7346.38 11023.2 16349.8 12894.6 14716.6 18738.4 15719.1 14423.9 5650.54 6219.71 4283.87 4842.5
4770.32 4433.93 4492.85 3787.48 6558.46 11169.6 8372.76 2938.5 11087.8 10196.8 4553.6 4457.9 3941.28 6709.95 2064.57 4630.21
6366.88 7736.2 5179.09 4844.24 2654.65 6502.14 4395.74 5048.01 9406.04 7276.95 6276.1 4310.74 6967.6 5382.23 4274.87 5233.34
605.19 4217.92 7578.45 1716.47 2364.06 6863.77 8619.61 5903.13 7145.07 8366.51 10913.3 10839.4 9767.17 1024.88 5509.61 1793.03
5456.55 3539.88 1389.99 1206.84 521.011 8407.39 11538.2 6004.95 5274.15 12233.6 13147.9 9145.37 6069.35 2277.92 2235.68 3690.17
6105.26 1125.59 3395.02 3158.59 4133.28 9147.32 4744.89 4100.42 6367.85 6712.81 9738 3073.31 8310.15 4414.11 8798.61 12798.5
5239.98 3825.57 5646.38 1828.77 5312.82 9218.36 4259.58 2832.12 14747.3 9597.36 2021.02 3024.45 7305.06 5960.05 12133.3 13461.5
