573.26 -133.862 44.8388 -395.833 412.417 -63.027 -192.613 1193.31 629.381 -585.455 917.104 1187.99 537.496 -580.793 -537.265 -180.264 -857.864 -133.182 39.7312 -317.573 -390.023 -287.146 -1072.76 -85.0266 -922.769 -497.302 415.119 1034.93 555.392 730.473 -453.188 -33.3078
937.083 219.984 382.997 314.287 -864.678 708.507 -42.0427 -431.603 234.545 667.171 676.074 624.137 -493.92 245.882 -354.815 -942.819 -64.0472 38.1528 176.717 98.6482 483.354 -258.639 126.966 21.3486 16.4783 334.753 -122.047 -755.915 395.798 328.669 63.3296 -524.481
145.628 223.427 202.478 123.622 -172.218 -176.412 -146.734 -639.768 -168.342 -172.586 987.266 43.2583 -1289.32 883.443 -168.862 -54.709 1580.25 -337.481 -109.838 334.402 -610.905 277.331 441.695 -1001.69 -1150.35 -211.749 -862.189 718.222 -82.1996 -612.733 465.375 1034.78
-126.255 -639.5 43.439 -720.036 -629.6 -211.441 -585.543 -995.675 -410.153 166.171 -557.113 -953.509 -394.678 -153.573 -676.632 -494.04 -305.06 51.1823 -105.132 -46.3502 -1526.13 -508.408 -274.408 -215.675 -768.19 95.3971 535.796 760.208 -221.632 1203.2 -352.43 448.043
870.542 841.323 329.509 -535.773 700.049 448.76 199.437 -110.016 86.5311 -253.586 150.385 329.225 -369.995 156.831 -112.559 527.389 260.91 -331.011 1410.73 -703.412 -311.116 -859.937 -133.532 -329.879 501.161 -466.423 492.745 -101.302 -80.3031 -532.264 674.8 342.858
393.439 -919.31 1653.06 347.304 1778.14 -758.599 1.25809 -368.171 -488.625 -82.3046 -381.901 501.845 120.662 -819.711 272.802 -177.048 -257.3 -274.241 -582.048 -213.878 424.722 -512.169 479.807 -1280.47 -322.611 53.8836 -66.6102 842.126 -332.969 -501.791 1493.59 665.614
1792.65 456.701 1336.83 -1440.43 -203.829 -1968.44 345.082 -719.444 -805.333 322.21 652.876 1692.95 382.316 647.675 55.6685 357.986 43.4276 543.087 -77.5259 -863.38 77.0273 168.107 -153.523 131.299 616.029 -11.3714 163.294 596.247 308.05 -1241.07 -750.517 -875.983
1328.01 443.041 1770.63 -562.687 2453.3 -292.315 1343.85 -1126.27 -340.636 -366.82 -618.958 -841.586 458.173 -0.434265 561.101 -265.44 -596.362 -753.68 -232.773 -894.747 -691.496 -749.943 711.21 602.723 281.604 -386.601 803.215 -308.162 820.751 -1101.86 -1063.33 1899.15
-957.72 711.069 2278.75 62.7657 1755.25 -593.52 1200.32 -164.056 -939.371 -847.053 -1833.81 17.2303 -982.735 -270.352 -604.003 -527.416 -418.509 -1410.46 -514.022 192.897 -381.478 -240.569 -1336.91 -319.022 194.302 -687.204 -881.229 38.1807 152.831 157.396 -484.195 739.911
411.152 -493.98 238.025 143.615 1760.98 -631.792 -160.355 -1264.02 -498.979 171.727 -1052.64 646.432 125.109 1083.63 -325.326 -780.258 398.976 -105.847 752.635 -444.681 -141.896 -1042.19 -252.845 193.464 38.6829 3.6189 -265.922 632.274 654.176 249.14 -910.75 783.747
816.427 -511.17 -415.748 177.109 1024.8 -1134.07 433.712 -1111.88 -288.272 117.915 -49.9485 -170.386 405.963 929.494 228.057 -356.366 -999.764 653.732 -286.141 235.769 -159.824 -477.052 77.5809 -877.888 -191.455 210.926 -657.524 112.418 105.825 -119.019 -855.397 681.315
1444.08 835.642 291.283 1071.17 1362.85 1057.35 1062.68 -560.934 -137.109 -335.017 868.579 882.31 -543.937 -494.95 -251.607 990.08 701.328 -254.105 724.19 -66.6581 -345.012 -948.744 315.935 -171.371 -572.888 -73.2863 -517.407 -426.749 -31.4124 -358.707 -377.086 160.792
-239.555 -659.887 -760.163 769.513 -303.183 -110.853 426.471 -1779.53 -80.462 -65.9609 -624.544 596.402 -296.566 15.5071 -479.192 847.046 -1566.02 -258.651 -145.307 195.58 423.538 348.759 204.371 -251.748 415.262 -148.311 -171.13 10.7617 -374.698 -526.203 -157.132 400.355
-1055.65 1132.23 -124.586 677.099 -383.031 571.029 578.741 -344.655 1150.33 -375.673 -764.903 532.745 443.391 392.438 590.424 -11.2611 -764.641 -421.465 -453.764 675.807 862.017 808.782 537.69 -463.584 752.477 -428.511 -1003.78 376.561 691.395 628.674 -977.487 -1121.5
1125 -646.826 -353.021 -645.778 -135.783 845.523 182.383 219.116 -70.5099 127.795 185.175 -489.874 -1228.2 994.543 2.58463 785.13 -15.6783 -380.928 712.557 19.0211 -551.564 468.556 -653.173 554.983 -618.001 -488.816 450.879 -184.343 319.833 -524.344 -536.435 296.752
-803.329 -878.307 -1150.06 -614.542 743.912 -381.443 -868.863 -44.643 98.555 951.796 -201.657 -595.416 340.595 -242.064 54.2069 140.86 372.567 236.4 241.718 287.185 -464.322 -424.294 880.49 827.093 -810.949 28.3611 683.441 -271.087 -501.808 -1143.6 515.685 -563.601
