4216.24 1810.18 6157.34 3526.77 6930.44 8544.16 11120.2 6572.38 1215.86 12344.1 12330.8 5905.08 2357.23 2322.57 3060.61 2538
1575.48 2831.55 3886.66 3200.12 5049.62 8786.15 10404.4 3323.94 5257.92 12522.3 11700.1 9551.65 4031.68 3823.62 1664.78 1448.69
3224.85 4323.97 2226.17 4451.63 8811.11 6909.78 8032.63 1831.74 7519.69 13285.9 13865.7 11457 2906.19 1663.8 3924.52 5326.61
2259.41 2383.83 1479.01 8527.44 8127.94 3662.46 8065.79 4146.05 5931.1 11693 11988.6 7575.92 5797.67 6458 7390.29 3060.97
3361.41 1379.48 4168.49 6900.08 7992.31 6034.2 13147.3 10292.4 6369.43 8333.49 9238.79 5245.27 10844.2 6479.21 7662.57 3348.46
5716.97 1798.25 4235.82 4487.59 10783.7 9693.89 11000.9 6560.5 1220.97 6521.49 12956.7 10651.4 5535.42 2728.31 7401.07 5325.42
6674.84 1041.68 1654.44 3580.26 5711.19 6688.28 9877.05 9332.98 18280.3 25843.3 34874 29013.4 17406.1 3412.48 8148.46 6201.69
1048.94 2431.36 5577.26 9497.27 16086.8 21454 30138.1 25059.8 34890.4 44425.1 55037.7 44281.6 26009.3 8976.47 3621.71 1768.3
3897.76 4807.5 6616.42 16777.6 27040.8 30013.4 39334.9 32343.7 34138.8 41845 50756.5 35920.7 20695.2 9729.6 5770.77 3114.35
6086.52 7341.06 5338.83 13159.5 27447.3 29527 32751.8 26616 21334.7 22157.3 27161.5 17100.2 7076.38 3936.67 8341.56 8553.89
11117.8 7497.2 8053.39 5902.88 16705.1 16301 15867.4 14186 11518.9 16763.9 11510.3 8076.87 3293.8 4050.77 8180 14325.3
6561.82 5269.01 4341.39 4668.15 5300.31 3731.02 977.391 6309.52 7957.01 20321.6 15487.3 5930.42 3049.12 5822.26 3893.37 9110.57
6481.34 4537.37 4708.34 5351.65 2978.57 6035.69 5823.7 2393.28 8147.41 15478.6 11951 6471 2143.16 2061.02 1815.26 3521.1
84.3459 3656.19 5851.17 5563.8 6815.4 9572.01 6532.09 6000.9 11594.2 10507.3 3043.65 7026.57 1834.59 1213.83 3588.03 2913.66
7267 9696.79 5389.84 8603.13 13088.8 11092 6066.67 7458.41 11024.2 11093.9 4662.89 11043 409.346 3732.88 5587.02 4142.79
4851.2 4225.89 5464.32 7996.7 13043.5 9345.79 7539.82 7423.86 3843.29 10286 13130.2 9050.44 2256.38 6563.06 7548.93 881.67
