1209.15 920.689 54.3203 483.168 209.261 531.141 -1110.76 -374.606 1031.85 -2.5277 421.273 -57.8475 632.717 -182.272 -644.169 -1390.17 -2.1283 205.904 330.883 -779.355 110.713 -1216.96 -506.522 -288.542 -625.507 252.739 296.886 746.758 -405.737 307.86 12.6913 -849.307
263.038 -262.806 -787.395 1686.77 192.516 -396.855 -268.537 -887.805 542.552 650.532 -665.386 281.55 -120.995 -170.388 -440.992 -959.613 -932.985 59.8396 329.048 502.163 6.28127 193.385 371.946 191.042 -380.16 359.453 931.931 93.925 72.7567 -79.8668 -67.4452 27.2218
584.863 154.906 379.552 -317.054 189.731 -20.0616 161.784 -101.659 284.08 -23.6346 246.362 -164.424 -980.849 -232.944 -310.941 -102.449 -434.168 -115.987 421.131 -68.2478 -437.724 498.608 39.7015 -70.2765 -943.89 592.056 104.003 271.515 -860.053 339.401 -86.6492 336.963
512.751 100.226 -464.555 -319 -332.66 380.899 -142.477 -237.952 518.506 566.102 1337.47 -236.234 -273.701 452.082 -685.633 -539.865 -216.542 461.987 -375.803 -991.14 -952.592 252.188 6.96365 456.872 1315.56 -605.865 1563.69 1018.39 -211.53 -690.145 -880.729 14.368
1253.32 1324.63 391.448 -886.122 8.60648 -1880.79 -1042.19 -910.32 -209.118 53.0462 -436.173 -519.837 87.1045 43.3585 -1101.64 -585.971 -920.761 582.086 127.716 356.71 367.975 -40.5662 -11.533 -674.033 -1228.79 -873.214 39.4788 227.225 397.244 49.5526 620.094 296.56
167.243 -1037.92 1014.9 -699.166 1786.75 -1869.93 -365.268 -355.789 -1307.42 -41.3527 -196.794 617.015 375.175 331.031 -862.455 200.213 465.018 171.716 1127.3 259.962 -138.145 -608.798 277.625 -1043.31 -424.635 1144.76 204.3 -665.536 -624.696 250.617 349.156 416.12
-319.906 -589.553 2226.15 -1332.02 1887.22 -1822 986.066 -248.681 -1636.24 702.103 -1057.01 641.22 349.095 356.781 367.336 -300.566 -199.396 -48.0353 169.776 -871.638 6.89502 -478.168 494.618 -371.763 157.308 70.2226 518.303 152.327 114.914 601.396 616.586 -629.733
29.4401 810.98 3078.24 -1411.89 2966.47 -2011.45 1350.96 -808.093 -1523.02 -298.137 -1543.34 1198.25 -472.248 144.151 -909.089 372.85 85.2166 -189.521 484.505 -1193.09 465.281 3.4967 827.512 71.9663 199.198 -722.692 -396.543 -409.505 69.0714 161.491 346.553 -127.394
-1087.02 1618.79 3561.44 1031.72 5177.3 1095.16 2365.63 880.115 -588.261 -1328.22 -287.79 -1928.92 -134.572 -394.005 -338.183 498.083 6.7973 36.9336 915.079 -707.534 479.617 -1114.31 -1124 -651.727 -60.0891 -248.134 -922.25 532.653 342.702 -42.4537 -137.673 -287.527
522.925 533.949 1631.05 -1050.45 3821.77 -1717.65 2850.68 -2132.72 279.24 -227.36 -1537.33 86.7172 -429.698 200.063 -182.153 97.1444 -83.7339 110.581 -408.363 -23.1167 -358.761 -826.685 299.281 -222.481 1150.48 -254.384 -261.855 2067.08 165.547 829.615 78.3054 535.92
337.105 77.212 739.991 -864.441 3628.43 -156.119 2450.1 -997.075 302.023 -667.499 -1592.89 -2.38058 -1013.82 -699.939 -158.045 385.521 -295.671 -218.008 -344.133 -373.999 293.939 560.154 1118.93 151.149 -546.814 -590.459 -84.9711 156.938 -1327.39 -597.513 776.082 496.767
470.489 789.318 45.0306 -529.908 2416.01 -348.797 2444.74 676.584 181.991 1329.39 -342.594 -168.886 -215.825 1130.89 -2.32855 468.956 1032.85 708.643 -155.152 -734.946 611.122 -96.8516 -376.131 123.16 182.06 94.2064 54.4449 -51.7716 615.762 968.17 110.795 518.775
-557.305 619.321 -554.903 33.6434 1372.93 709.593 536.003 -289.109 402.096 134.08 589.378 -51.1456 -63.6796 -1361.48 93.2899 -641.905 342.797 -91.7605 475.786 -102.913 -612.091 -64.7159 -204.785 427.432 -246.832 225.143 -168.377 553.016 83.7231 -293.769 -314.243 -133.7
-942.222 290.272 -683.862 1253.65 -54.6332 -272.56 -114.625 800.128 -180.64 -1593.21 -445.352 321.23 347.292 -15.3754 -1109.22 1308.23 -376.158 -128.122 493.858 -368.845 -55.2559 -239.941 171.984 78.6783 -960.088 -350.997 -541.783 -708.11 -27.0535 -136.499 82.4951 -214.213
-66.6394 260.04 523.656 -150.407 -548.499 -98.1697 8.8317 -892.101 -99.7919 -518.82 477.561 392.716 266.49 441.03 812.232 92.0257 -383.712 -414.719 16.2953 -168.806 -181.012 -219.2 -114.219 154.946 397.95 645.696 -739.859 266.373 1089.34 -552.667 128.831 -1046.92
1.18877 -956.088 252.07 -326.705 -214.891 -980.945 344.037 387.097 -539.132 -371.94 -552.75 898.243 849.067 -272.514 -162.342 -233.658 -320.49 36.7326 1007.23 -86.6192 -232.83 -450.126 661.193 466.028 45.3198 272.53 230.91 291.697 -341.855 405.618 -324.68 102.884
