2048.24 927.958 1152.94 3273.59 2179.75 3196.95 5351.36 7655.49 5692.67 7853.99 9821.57 4151.79 4078.36 7061.57 7895.92 1117.68
3317.49 4665.46 3990.41 3873.71 3515.4 4174.93 6698.38 9034.26 5373.46 2251.25 6647.15 4471.94 1548.4 9596.25 9458.69 6557.17
5688.75 5236.64 4426.69 1156.53 4799.29 3945.7 7012.93 4210.72 1819.94 6261.58 4291.93 5585.94 595.743 4720.56 10585.7 6957.26
6095.45 5422.95 2929.23 4236.06 9536.59 5509.77 4511.68 6418.06 2233.52 7558 12523.9 13911.7 4450.07 7609.98 7347.34 5084.33
3574.09 2184.36 6543.88 5045.22 3331.2 7078.19 6840.35 4417.44 2466.88 9881.22 12439.5 12731.4 5831.47 7419.44 6272.53 11266.5
927.24 4899.74 7137.84 6044.44 1963.22 5210.57 5271.26 8016.76 8424.77 6864.17 7198.93 9551.02 3875.71 3380.99 6765.58 11003.2
1634.6 7445.88 9307.38 2986.27 10739.5 10422.6 8900.08 4453.35 9589.52 26067.6 40349.7 34241.3 12560.4 1834.04 3363.77 7918.17
1784.42 6013.92 9122.85 1060.52 25014 38424.4 27783.9 2397.09 5196.75 45245.5 68721.5 53417.2 19317.2 1052.67 3887.56 6927.84
1943.4 3872.9 2992.27 6437 31355.4 54793.9 47771.8 15369 4179.58 44102.9 66636.4 55203.3 21319.1 4193.6 5758.91 4240.68
2306.11 1076.82 1893.1 5674.26 30115.6 52374.6 47575.3 17772.2 2348.81 22315.3 39233.2 36480.2 14385.6 3406.32 5811.92 5379.98
5028.58 1537.52 5059.42 1199.64 20341.4 32897.4 28204.9 15717.9 6017.97 6389.08 13651.7 13370.1 7007.45 2760.85 6900.07 11709.6
2475.65 1242.76 3691.69 3653.01 8562.87 10987.4 12315.1 14081.8 10019.3 9220.3 11184.2 8725.63 3638.99 4366.43 5457.38 10703.5
3541.03 762.049 1354.73 5314.06 7398.4 5900.59 9911.2 8622.21 1438.16 6396.12 18379.4 10519.7 2779.75 744.913 6501.83 3905.83
7690.73 2549.47 5024.84 9549.8 5327.52 1286.77 5865.4 4314.24 8808.16 7650.33 12784.5 6613.45 5560.23 3282.87 10320.2 13896.2
2321.75 7237.36 5381.92 12279.4 8709.53 4200.58 2275.22 8300.99 8930.35 7973.5 3103.62 5548.02 9161.56 8410.27 10085.7 12290.8
1633.48 8033.02 2878.92 8909.17 5731.25 2522.38 3002.31 5249.24 7155.1 5486.54 6571.13 5292.34 10726.1 5575.51 9029.8 7232.68
