372.468 140.785 297.006 437.362 -539.622 94.697 -439.376 -701.04 119.681 -843.555 497.573 -224.529 474.515 -46.6121 602.832 -187.354 1066.96 186.55 848.605 -376.423 -794.161 17.8523 -256.418 -50.4612 -245.182 -235.087 839.898 -61.5672 775.879 -63.6805 -1048.71 -339.428
497.684 -319.027 -611.62 -321.91 -16.2135 13.2057 -920.697 -1098.44 35.5707 -413.131 232.678 -755.308 652.085 -152.543 696.991 135.21 1208.83 -260.628 -219.262 -710.455 477.269 -430.846 -437.878 -230.394 -165.493 -310.009 198.219 -1681.75 256.442 268.484 -431.257 -292.716
111.787 485.629 1044.48 154.034 -1054.01 96.2607 -177.175 1287.88 -143.115 -606.439 170.565 785.866 827.943 48.6683 -309.997 379.697 267.943 946.295 -33.7302 -80.8153 -125.026 -385.014 -364.925 533.383 73.2478 -208.196 -139.435 241.033 -33.2833 50.7667 -1167.56 -543.676
-694.563 -859.926 399.119 -480.564 488.588 97.5109 609.029 399.911 353.522 516.195 950.623 265.3 533.76 614.806 -291.055 570.786 -422.289 278.075 -119.298 -1331.54 -694.192 216.122 -888.871 158.781 169.768 315.6 -633.421 -1141.62 -1632.55 50.7079 353.807 -519.507
-451.073 -1802.73 -194.916 -242.146 412.289 573.663 -228.3 -88.1079 363.313 -882.43 -421.099 -1376.6 -1087.27 -641.89 -1753.7 12.7141 -1024.58 -595.091 354.513 -113.074 417.306 -748.043 611.266 -123.85 -795.791 149.955 104.731 -250.691 -75.6515 -355.326 261.805 704.236
-761.218 233.241 -356.898 939.961 568.688 439.292 1809.01 -681.931 1490.18 -54.399 -35.6946 541.958 -1054.78 -794.286 -554.305 22.8478 -791.079 246.546 -946.253 207.581 -321.517 504.907 -813.951 136.523 641.195 -632.079 -42.9576 -333.453 -185.452 751.446 301.205 136.371
-1397.59 1865.77 234.974 1405.72 279.565 727.9 3225.71 -686.901 2887.54 -927.805 266.148 -1171.95 -2130.75 106.515 -1464.31 976.313 821.378 114.151 97.0314 -473.093 353.261 -79.0842 -1166.92 17.6816 1085.45 657.62 373.202 288.16 480.208 370.383 819.435 345.329
-412.126 -222.274 -2762.21 1741.23 7.48376 1361.46 3587.1 -611.885 4121.67 -522.474 2602.29 -264.161 -1610.89 196.457 -2604.44 -286.216 -991.012 -1108.75 -104.738 -888.059 -1229.53 524.501 -127.651 -319.027 -813.547 643.643 -624.356 347.767 -340.911 -89.2163 -427.989 -1096.44
-1465.95 -439.954 -2577.89 2841.49 -1485.43 702.654 1811.36 396.466 5440.56 -906.724 2102.24 -644.303 -659.436 613.184 -2221.16 -1144.3 -1215.9 739.693 364.538 1380.54 -849.286 -90.581 -528.791 -43.7795 -22.8979 106.9 -446.135 137.432 233.951 488.116 -209.775 -804.359
-1107.25 599.289 -2804.38 1614.51 -1258.6 985.275 1421.63 -411.435 3685.71 -1956.62 2618.44 -1722.12 -898.551 805.539 -1448.2 -109.786 -313.243 -222.177 -309.594 -284.702 -735.943 -290.519 256.852 49.2092 -511.509 -510.939 569.434 -1216.83 252.857 -150.707 307.358 -834.036
281.146 813.075 -2371.13 2011.86 -1547.76 789.332 565.446 -483.22 1774.3 -901.566 1382.34 -510.399 -1019.05 -381.367 -1347.21 348.14 -1412.53 -52.1902 208.853 -988.457 71.2193 -487.13 -352.12 155.777 97.9686 -42.8792 -662.944 93.3365 1624.82 99.9588 823.646 -778.433
-2115.8 -427.708 -1448.65 932.239 -2473.09 89.2354 -946.121 254.296 3215.13 20.6612 2346.16 1130.9 1146.45 -316.063 -657.536 -580.657 1021.85 -945.948 -642.954 -851.694 -521.317 -284.788 -232.719 -287.663 -448.179 98.385 -64.9213 -706.283 258.839 113.123 -92.2552 -1466.47
-107.679 603.765 -823.809 -810.224 -260.397 130.277 838.191 368.68 253.489 414.298 1977.7 1150.47 569.137 738.017 -208.555 -83.9429 -1433.44 -1163.05 -811.913 529.056 135.394 -423.858 -435.197 692.032 -683.321 528.398 541.257 -135.464 284.33 -515.435 -363.29 -315.942
10.0559 -114.214 1515.22 -568.493 1168.35 -16.5883 73.9928 -348.209 226.839 190.06 299.925 -997.732 -273.407 -246.773 752.401 586.602 892.67 51.5593 -246.997 18.5393 -427.523 631.273 -640.381 563.778 282.749 -1133.78 -438.39 -111.612 -11.5784 -860.626 -159.713 -56.9189
495.389 -513.294 -44.9867 42.113 521.318 952.84 -9.17029 210.178 17.8102 -720.754 -589.731 -19.9939 -880.669 318.455 793.899 -282.585 165.852 255.786 257.943 -844.568 82.3609 -498.311 -1188.11 -170.177 137.333 46.44 476.979 -287.267 -449.604 -146.758 136.759 430.739
-1227.36 -161.611 1481.41 -76.496 782.211 -987.565 1013.74 -522.536 -306.255 114.635 -799.316 485.898 -861.368 -450.037 442.61 634.975 1113.75 547.935 -193.186 370.115 999.16 -220.33 -930.209 378.632 302.328 226.662 -802.91 867.385 -323.067 19.1403 -1085.8 -377.878
