6743.17 5175.92 6314.39 5729.65 6227.59 11237.4 10745.2 4350.8 6605.12 8229.76 5983.19 7474.75 6668.59 7569.51 5713.32 4816.32
4427.32 3518.43 1576.3 1836.99 6328.86 12769.1 15528.5 11347 10064.9 10569.7 12357.8 13052.2 9601.08 3525.85 1367.9 3788.21
3149.18 932.695 2321.56 7101.29 7235.34 12704.5 16109.5 14332.6 9386.2 7279.36 11400.3 11220.3 7377.01 1912.84 137.859 2138.61
3621.91 5339.23 6031.46 6747.88 7725.99 10982.7 13201.4 11497.2 5030.77 4405.65 6037.24 6766.08 3918.64 577.23 3756.84 2146.38
4111.95 4020.79 3527.5 4516.04 7991.66 10848.4 8344.71 6741.8 2530.27 4192.24 11610.6 14860.8 10423.7 1583.44 3633.55 3495.29
3849.2 529.793 5801.55 4820.93 7911.75 11750.4 8836.54 4687.34 4164.6 11074.1 18137 17436.3 11778.2 1399.74 4349.94 4322.41
6247.98 4406 5231.52 4876.88 9201.48 14430.7 13581.4 5758.43 5157.92 16179.4 25903.6 20379.3 8634.32 747.273 3941.31 4893.98
7231.8 5731.58 4227.65 4273.16 12829.5 28428.2 27192.7 10644.4 1176.53 22643.4 36044.8 29198.2 14754 3601.67 2779.71 4289.27
7018.53 5725.34 4827.18 1478.23 21640.2 43337.8 38858.2 21078.2 7949.3 22302.2 36537.2 32980.1 19164 5570.98 3812.97 3824.76
4890.23 5149.83 4954.33 1088.71 22148.5 43167.2 36171.8 21944.8 13287.4 15957.6 25670 24284.1 11727.6 4600.96 5171.32 4878.01
3637.71 4305.22 5909.9 2142.01 13017.5 25071.6 21170.4 14148.6 12342.9 9660.35 8589.46 11292.9 6565.33 3509.31 3932.94 6123.6
4591.23 3945.34 4828.58 1632.42 5820.86 8420.96 5627.55 3595.21 3671.53 5797.54 1022.09 4594.02 1837.33 6231.79 2787.53 4972.79
3489.28 5632.47 8365.91 6399.07 3850.19 5025.54 3521.17 6061.12 4862.25 2287.05 987.862 3836.73 6551.58 6715.93 1784.92 6317.43
1941.15 3719.77 9624.2 12010.1 6323.42 5439.49 7629.1 4911.98 2877.25 5430.5 6731.65 3464.89 1492.01 3474.7 6612.06 7862.75
2455.43 2629.88 1991.45 3935.8 5915.53 9387.15 9378.53 4500.98 1288.66 4480.91 13263.3 7804.14 3881.64 8585.73 6637.28 2861.62
6240.83 5370.67 7117.6 6123.03 3695.4 8341.73 7079.06 5094.7 3871.45 5621.74 10550.3 9784.35 3210.15 10678.5 7777.95 1861.97
