439.677 -1237.33 81.9908 -17.2849 -876.734 415.678 -821.232 -331.07 73.2838 500.007 564.13 563.009 225.478 890.154 34.0708 -764.365 -837.199 -260.501 811.697 -461.019 -1013.92 -99.2153 -539.205 -136.235 -158.711 -1294.53 -128.011 -153.178 427.763 -786.041 185.074 -307.955
225.965 470.081 898.682 456.618 484.941 -556.465 262.93 -530.272 -148.462 361.492 214.986 -255.595 303.512 757.884 -327.634 721.784 1170.84 79.4494 345.628 -312.042 37.0393 -263.463 125.517 -139.324 503.849 -306.265 600.948 75.5892 -136.706 -588.782 -109.99 1190.73
-845.504 -761.333 -46.8273 907.559 253.251 -711.956 -624.583 -716.801 36.6228 -124.977 260.329 280.19 -172.773 597.337 465.784 -356.431 -1069.64 -149.101 947.748 -322.26 -7.1393 282.517 -229.401 136.065 869.831 231.356 272.385 -632.404 -1383.15 -780.057 727.01 -580.364
714.083 1134.52 1523.76 1119.89 -245.414 -835.523 -25.9849 -621.127 -388.583 263.425 325.367 561.132 433.691 -1107.43 23.5311 -675.4 -362.441 697.695 -1472.63 -194.003 812.73 -403.348 209.634 -372.541 -891.27 112.748 1062.57 324.924 -444.552 951 618.798 -135.219
583.234 938.809 455.282 198.268 849.509 -434.07 89.6046 711.655 -690.854 416.952 0.56929 -148.261 -493.225 -141.827 -717.279 -193.216 737.923 -166.701 -261.913 1452.31 -1061.71 -545.542 -397.75 304.362 620.433 483.097 -157.461 248.665 488.774 1091.38 79.8749 -1205.8
-586.943 -350.95 -876.433 143.652 778.331 -277.614 -894.454 656.316 746.879 1539.13 506.92 -508.609 697.676 -1606.64 152.319 -936.945 -636.288 -265.292 -753.477 725.762 316.716 1421.65 170.535 697.266 1291.33 -11.5042 793.772 724.519 240.381 -9.1825 -339.393 724.095
-262.396 488.402 266.067 72.3873 66.4566 -146.113 -410.101 1012.24 -431.571 635.994 -221.573 -6.34427 2967.84 -1067.12 2731.76 -1960.21 878.68 -639.341 -1108.13 1255.39 -33.4899 480.967 -738.438 47.9824 -667.661 -167.248 610.277 197.23 -31.7136 337.067 670.724 -234.539
-790.437 600.811 -332.756 -294.956 330.342 1328.43 -525.114 1046.51 -2250.64 2422.83 -810.87 45.2847 1936.89 -1208.09 2166.12 -2738.53 1231.63 -240.397 -1205.8 138.982 -2003.17 215.367 184.804 34.1334 1172.12 258.572 291.589 960.45 -164.248 -98.993 -577.401 -722.938
-688.411 159.283 -145.64 654.845 967.367 -125.781 -471.282 615.202 -1486.23 1880.34 -1635.8 -311.954 1723.86 -1332.16 2999.52 -2795.78 1684.86 -1994.59 -116.241 725.961 -1572.63 292.118 -276.509 174.981 -113.27 -250.79 -5.62079 73.8368 -11.8767 561.293 -286.888 -281.484
150.96 1186.89 -924.763 647.774 -126.009 -173.03 -1003.19 286.008 -1585.3 725.804 -1682.46 -602.118 1956.26 -401.064 2481.16 323.737 1497.1 976.842 286.543 -356.081 -1756.5 80.8436 -1401.14 -611.777 619.701 346.217 -707.657 -522.681 -855.878 630.044 517.862 -470.405
-438.862 571.568 -339.868 -745.21 44.6338 -399.909 -587.689 983.698 -439.041 1312.41 310.268 1002.9 -552.476 -1044.99 -938.407 -2932.03 226.225 -2038.71 -648.311 733.151 634.698 721.517 -174.808 -104.252 -556.467 -481.115 282.312 -858.64 428.764 -337.095 161.834 -714.025
-1137.84 -542.976 -996.038 653.861 -309.584 -615.828 -233.956 14.4315 -1284.22 156.667 -733.579 684.558 -273.243 -560.627 692.022 -1669.48 412.136 -155.273 264.728 809.173 -189.075 548.287 -846.534 -647.236 17.9001 -323.748 24.8593 491.31 268.05 -202.797 40.5647 501.409
57.0766 88.7222 -1194.78 -200.962 243.657 1122.91 -535.171 348.793 -193.408 841.642 -361.89 706.33 -189.176 -704.23 213.593 -849.89 -286.602 -705.756 -285.515 -504.87 -206.125 -493.677 -537.668 -141.772 -295.031 -628.238 50.7081 392.288 -516.425 459.218 84.3796 413.087
362.016 505.469 -1129.74 1050.41 -1464.52 1277.05 367.369 -545.526 1017.44 -1156.02 87.9694 -132.736 -148.76 163.76 -745.104 -27.7436 799.709 184.227 506.853 511.027 220.216 143.047 577.362 -225.708 -405.243 -252.971 -75.3323 -172.236 -698.585 -580.416 -95.9273 531.096
891.394 695.501 326.111 1558.4 -66.5254 -36.8607 619.605 571.941 -839.907 -566.179 588.51 -666.708 -87.0495 -51.676 -463.788 -137.554 -593.095 246.747 -18.2158 967.528 1401.53 320.979 767.042 -255.425 544.285 458.337 115.546 12.6981 118.012 83.3843 77.5275 6.06299
335.607 -194.453 -1342.6 -219.081 -191.722 366.092 -320.33 -349.847 603.487 -971.217 147.453 -611.569 146.382 -108.236 1190.37 190.588 -19.1273 197.565 -462.483 8.10588 -632.472 543.349 224.586 -388.356 -150.295 117.922 554.57 278.277 -775.485 79.914 384.069 -207.873
