0,6.50593
0.000244141,-7.75652
0.000488281,5.9415
0.000732422,-3.58261
0.000976563,-0.060079
0.0012207,7.05929
0.00146484,-9.87194
0.00170898,14.03
0.00195313,-15.1415
0.00219727,12.4285
0.00244141,-10.5138
0.00268555,1.79289
0.00292969,-0.18498
0.00317383,-8.02688
0.00341797,10.6466
0.00366211,-13.5779
0.00390625,13.3312
0.00415039,-10.332
0.00439453,9.45613
0.00463867,-2.82688
0.00488281,0.790514
0.00512695,5.36126
0.00537109,-6.74308
0.00561523,8.18182
0.00585938,-9.82925
0.00610352,6.54387
0.00634766,-8.79209
0.0065918,2.95494
0.00683594,-3.54783
0.00708008,-0.460079
0.00732422,-0.736759
0.00756836,-2.23557
0.0078125,2.26087
0.00805664,-0.558103
0.00830078,3.43083
0.00854492,-2.02846
0.00878906,5.73439
0.0090332,-3.14466
0.00927734,6.46008
0.00952148,-6.09961
0.00976563,3.43873
0.0100098,-5.39921
0.0102539,-0.626087
0.010498,1.37233
0.0107422,-6.09328
0.0109863,6.38893
0.0112305,-10.7067
0.0114746,7.8087
0.0117188,-9.67589
0.0119629,6.06324
0.012207,-2.91067
0.0124512,0.505929
0.0126953,5.0751
0.0129395,-5.58419
0.0131836,7.56047
0.0134277,-9.41976
0.0136719,7.21423
0.013916,-7.07352
0.0141602,2.45534
0.0144043,-3.86403
0.0146484,-3.21739
0.0148926,1.44348
0.0151367,-6.59447
0.0153809,3.81818
0.015625,-6.14229
0.0158691,4.29881
0.0161133,-3.47668
0.0163574,3.07194
0.0166016,-1.11937
0.0168457,1.27589
0.0170898,-0.237154
0.017334,0.132806
0.0175781,2.45059
0.0178223,-3.87984
0.0180664,2.14704
0.0183105,-6.10277
0.0185547,0.894862
0.0187988,-6.24664
0.019043,0.456917
0.0192871,-3.7502
0.0195313,0.213439
0.0197754,0.173913
0.0200195,-0.828459
0.0202637,3.78182
0.0205078,-5.1747
0.020752,5.31383
0.0209961,-4.96126
0.0212402,5.58103
0.0214844,-3.84664
0.0217285,2.89644
0.0219727,-1.85455
0.0222168,-1.85929
0.0224609,1.33913
0.0227051,-6.83478
0.0229492,2.8332
0.0231934,-5.47036
0.0234375,3.95731
0.0236816,-3.15257
0.0239258,1.79289
0.0241699,0.328854
0.0244141,0.540712
0.0246582,3.0498
0.0249023,-2.23083
0.0251465,4.2498
0.0253906,-3.85296
0.0256348,3.79605
0.0258789,-4.29565
0.026123,0.945454
0.0263672,-2.70672
0.0266113,-1.64269
0.0268555,0.488538
0.0270996,-2.45375
0.0273438,0.785771
0.0275879,-3.02767
0.027832,3.92095
0.0280762,-1.63004
0.0283203,3.05296
0.0285645,1.17154
0.0288086,2.61502
0.0290527,2.2087
0.0292969,1.13992
0.029541,-0.0442687
0.0297852,-1.89723
0.0300293,0.335178
0.0302734,-2.75099
0.0305176,1.38656
0.0307617,-2.46798
0.0310059,-0.570751
0.03125,-1.81818
0.0314941,-1.16206
0.0317383,-0.981818
0.0319824,0.105929
0.0322266,0.697233
0.0324707,-1.39763
0.0327148,3.45929
0.032959,-1.52095
0.0332031,2.55652
0.0334473,-1.33597
0.0336914,0.0458498
0.0339355,-0.902767
0.0341797,-3.31858
0.0344238,-0.314624
0.034668,-3.36759
0.0349121,0.662451
0.0351563,-4.27826
0.0354004,-0.460079
0.0356445,-1.86877
0.0358887,0.433202
0.0361328,0.548617
0.036377,0.929644
0.0366211,1.11304
0.0368652,-1.57945
0.0371094,1.43399
0.0373535,-1.65059
0.0375977,1.62372
0.0378418,-3.12411
0.0380859,-0.70672
0.0383301,-2.53755
0.0385742,-3.59526
0.0388184,-1.75968
0.0390625,-4.13755
0.0393066,-0.173913
0.0395508,-1.78024
0.0397949,1.81502
0.0400391,-0.504348
0.0402832,0.898024
0.0405273,-1.89881
0.0407715,0.207115
0.0410156,1.23004
0.0412598,-0.0806325
0.0415039,1.98261
0.041748,-1.02609
0.0419922,-0.744664
0.0422363,-0.16917
0.0424805,-1.71067
0.0427246,-1.62372
0.0429688,-2.36206
0.0432129,-0.826877
0.043457,-0.12332
0.0437012,-0.803162
0.0439453,0.328854
0.0441895,1.72332
0.0444336,1.57312
0.0446777,1.51304
0.0449219,-0.268775
0.045166,2.48538
0.0454102,-1.21265
0.0456543,0.656126
0.0458984,-0.267194
0.0461426,-1.67905
0.0463867,-1.69012
0.0466309,-1.54308
0.046875,-1.0166
0.0471191,-0.809486
0.0473633,-1.11304
0.0476074,-0.994466
0.0478516,1.20791
0.0480957,0.866403
0.0483398,0.460079
0.048584,2.29881
0.0488281,0.852174
0.0490723,2.82372
0.0493164,0.270356
0.0495605,-0.547035
0.0498047,-1.66166
0.0500488,-2.76364
0.050293,-0.167589
0.0505371,-0.894861
0.0507813,0.0395257
0.0510254,-2.21028
0.0512695,-1.11304
0.0515137,-1.47826
0.0517578,-1.56838
0.052002,-0.148617
0.0522461,-0.792095
0.0524902,1.63636
0.0527344,0.439526
0.0529785,0.844269
0.0532227,-0.577075
0.0534668,0.110672
0.0537109,-0.472727
0.0539551,-1.83083
0.0541992,-1.083
0.0544434,-3.23478
0.0546875,-0.575494
0.0549316,-2.1913
0.0551758,-1.30277
0.0554199,-1.33913
0.0556641,-1.24901
0.0559082,-0.0616599
0.0561523,0.268775
0.0563965,0.893281
0.0566406,0.95336
0.0568848,-0.180237
0.0571289,0.678261
0.057373,0.600791
0.0576172,-0.150198
0.0578613,-1.95257
0.0581055,-2.01265
0.0583496,-1.56206
0.0585938,-2.54704
0.0588379,-1.95257
0.059082,-2.42688
0.0593262,-2.01897
0.0595703,0.309881
0.0598145,-0.603953
0.0600586,2.39526
0.0603027,-0.948617
0.0605469,0.719368
0.060791,-0.0316206
0.0610352,0.736759
0.0612793,1.22055
0.0615234,-0.0996048
0.0617676,1.15889
0.0620117,-2.38261
0.0622559,0.229249
0.0625,-2.54704
0.0627441,-2.08538
0.0629883,-1.47194
0.0632324,-0.991304
0.0634766,-0.0126482
0.0637207,-0.537549
0.0639648,0.056917
0.064209,0.126482
0.0644531,2.66403
0.0646973,-0.222925
0.0649414,0.270356
0.0651855,0.762055
0.0654297,-0.33834
0.0656738,1.39605
0.065918,-1.86719
0.0661621,-1.03715
0.0664063,-1.2996
0.0666504,-2.65296
0.0668945,-0.385771
0.0671387,-2.13597
0.0673828,0.0110672
0.067627,-2.30198
0.0678711,1.3249
0.0681152,1.35652
0.0683594,0.803162
0.0686035,2.60237
0.0688477,0.809486
0.0690918,1.99051
0.0693359,-0.0189723
0.0695801,-0.319368
0.0698242,-1.53202
0.0700684,-1.79289
0.0703125,-1.12569
0.0705566,-1.5336
0.0708008,0.0426878
0.0710449,-2.60395
0.0712891,-0.880632
0.0715332,-2.0585
0.0717773,-1.17154
0.0720215,0.0284584
0.0722656,-0.374703
0.0725098,1.49091
0.0727539,1.52569
0.072998,0.535968
0.0732422,0.137549
0.0734863,0.328854
0.0737305,-1.64427
0.0739746,0.0885377
0.0742188,-2.53755
0.0744629,-1.60316
0.074707,-1.92885
0.0749512,-1.29802
0.0751953,-2.16126
0.0754395,-0.252964
0.0756836,-0.377866
0.0759277,-1.08142
0.0761719,1.36443
0.076416,-0.496443
0.0766602,2.16285
0.0769043,-0.92332
0.0771484,1.8498
0.0773926,-0.245059
0.0776367,0.486956
0.0778809,-1.53834
0.078125,-2.22293
0.0783691,-1.38024
0.0786133,-3.85613
0.0788574,-0.882213
0.0791016,-3.88933
0.0793457,0.245059
0.0795898,-1.56047
0.079834,0.499605
0.0800781,0.600791
0.0803223,-0.581818
0.0805664,0.297233
0.0808105,-1.47194
0.0810547,2.88696
0.0812988,-1.50988
0.081543,1.76127
0.0817871,-1.36443
0.0820313,-0.785771
0.0822754,-0.388933
0.0825195,-2.69249
0.0827637,-1.14941
0.0830078,-2.56443
0.083252,0.407905
0.0834961,-2.70198
0.0837402,1.4419
0.0839844,-1.33123
0.0842285,2.47115
0.0844727,1.11621
0.0847168,0.575494
0.0849609,1.91304
0.0852051,-0.403162
0.0854492,2.56917
0.0856934,-2.66245
0.0859375,2.03953
0.0861816,-4.15336
0.0864258,0.0379447
0.0866699,-2.4585
0.0869141,0.235573
0.0871582,-1.6585
0.0874023,-0.56917
0.0876465,-0.371542
0.0878906,-0.324111
0.0881348,3.6917
0.0883789,-0.943874
0.088623,5.66482
0.0888672,-1.63953
0.0891113,4.4079
0.0893555,-1.24743
0.0895996,-0.890119
0.0898438,1.19051
0.0900879,-4.17391
0.090332,2.85217
0.0905762,-4.38419
0.0908203,3.16047
0.0910645,-5.87984
0.0913086,2.03162
0.0915527,-3.08617
0.0917969,0.962846
0.092041,0.0268773
0.0922852,-1.36443
0.0925293,4.46008
0.0927734,-2.65929
0.0930176,5.07036
0.0932617,-3.9415
0.0935059,3.48617
0.09375,-3.05613
0.0939941,0.281423
0.0942383,-1.61107
0.0944824,-4.13122
0.0947266,0.516996
0.0949707,-5.13834
0.0952148,2.39526
0.095459,-5.13202
0.0957031,2.21028
0.0959473,-3.82292
0.0961914,3.00079
0.0964355,-0.240316
0.0966797,-0.196047
0.0969238,1.30593
0.097168,-2.69407
0.0974121,3.83715
0.0976563,-2.79526
0.0979004,1.01028
0.0981445,-5.15415
0.0983887,1.49091
0.0986328,-6.69249
0.098877,-0.586561
0.0991211,-4.27036
0.0993652,-1.85929
0.0996094,1.83399
0.0998535,-3.48142
0.100098,4.36047
0.100342,-4.89328
0.100586,4.73518
0.10083,-4.1834
0.101074,4.25771
0.101318,-2.94229
0.101563,1.57154
0.101807,0.776285
0.102051,-4.51225
0.102295,4.27668
0.102539,-8.60395
0.102783,5.21107
0.103027,-9.0419
0.103271,5.66324
0.103516,-5.28538
0.10376,1.69328
0.104004,2.09644
0.104248,-3.85296
0.104492,8.9913
0.104736,-7.49882
0.10498,8.6166
0.105225,-6.22609
0.105469,4.7668
0.105713,-2.23241
0.105957,-1.09249
0.106201,1.32806
0.106445,-5.2664
0.106689,2.96443
0.106934,-4.97391
0.107178,2.73676
0.107422,-4.66719
0.107666,2.37945
0.10791,-1.08617
0.108154,4.17391
0.108398,-1.76759
0.108643,4.04427
0.108887,0.665612
0.109131,2.04427
0.109375,1.95257
0.109619,-4.30672
0.109863,5.32806
0.110107,-8.52965
0.110352,7.32648
0.110596,-7.50039
0.11084,4.07747
0.111084,-5.61739
0.111328,-0.156522
0.111572,2.08221
0.111816,-7.49091
0.112061,9.68063
0.112305,-11.8182
0.112549,11.7549
0.112793,-7.06245
0.113037,5.01502
0.113281,-1.37233
0.113525,-2.52174
0.11377,4.4332
0.114014,-9.5921
0.114258,7.43241
0.114502,-11.6885
0.114746,5.84822
0.11499,-7.03874
0.115234,1.53202
0.115479,-1.60474
0.115723,-1.90356
0.115967,1.93518
0.116211,-3.72806
0.116455,4.9249
0.116699,-4.28617
0.116943,4.3336
0.117188,-3.87352
0.117432,4.09802
0.117676,-4.73043
0.11792,1.80395
0.118164,-5.29644
0.118408,0.804743
0.118652,-3.68063
0.118896,-4.13913
0.119141,1.24901
0.119385,-7.33123
0.119629,8.14704
0.119873,-9.49091
0.120117,9.3913
0.120361,-7.38182
0.120605,4.07273
0.12085,-0.456917
0.121094,-2.97391
0.121338,8.56917
0.121582,-10.1913
0.121826,11.8087
0.12207,-13.3075
0.122314,9.32174
0.122559,-8.79526
0.122803,-0.0695652
0.123047,0.803162
0.123291,-6.12016
0.123535,7.69644
0.123779,-9.16838
0.124023,8.79526
0.124268,-6.99289
0.124512,7.79289
0.124756,-3.27905
0.125,3.10514
0.125244,1.38182
0.125488,-2.18972
0.125732,3.34545
0.125977,-5.23162
0.126221,3.67589
0.126465,-6.82213
0.126709,3.76917
0.126953,-5.58261
0.127197,3.61423
0.127441,-5.37233
0.127686,3.62846
0.12793,-1.27431
0.128174,2.09802
0.128418,2.52648
0.128662,-2.69407
0.128906,9.96522
0.12915,-9.15099
0.129395,11.7755
0.129639,-12.5281
0.129883,8.38735
0.130127,-7.3581
0.130371,1.02451
0.130615,2.65613
0.130859,-8.56285
0.131104,8.6087
0.131348,-13.7249
0.131592,11.1968
0.131836,-11.9368
0.13208,7.72648
0.132324,-3.95889
0.132568,0.684585
0.132813,6.1249
0.133057,-7.56838
0.133301,10.204
0.133545,-10.9549
0.133789,8.91067
0.134033,-8.94387
0.134277,3.01502
0.134521,-4.45692
0.134766,-1.5415
0.13501,-0.991304
0.135254,-3.96838
0.135498,1.59842
0.135742,-3.42134
0.135986,4.04111
0.13623,-3.80237
0.136475,6.16285
0.136719,-6.54229
0.136963,7.35494
0.137207,-6.27826
0.137451,6.41897
0.137695,-3.28538
0.137939,-2.62767
0.138184,3.34704
0.138428,-10.313
0.138672,8.14387
0.138916,-15.2095
0.13916,9.47036
0.139404,-10.604
0.139648,5.70909
0.139893,-0.381028
0.140137,-3.47036
0.140381,8.23399
0.140625,-11.668
0.140869,13.8213
0.141113,-12.4285
0.141357,11.336
0.141602,-6.73043
0.141846,2.30514
0.14209,0.35415
0.142334,-4.64506
0.142578,4.31462
0.142822,-9.67589
0.143066,5.87352
0.143311,-7.6
0.143555,5.07668
0.143799,-4.30672
0.144043,3.84032
0.144287,-0.882213
0.144531,2.96917
0.144775,-0.316206
0.14502,0.975494
0.145264,2.30198
0.145508,-3.30593
0.145752,5.01028
0.145996,-7.62846
0.14624,7.00712
0.146484,-10.4648
0.146729,7.39605
0.146973,-8.03004
0.147217,1.79921
0.147461,-0.559684
0.147705,-5.32016
0.147949,10.5881
0.148193,-11.3565
0.148438,14.9407
0.148682,-10.5534
0.148926,11.2822
0.14917,-4.11383
0.149414,0.785771
0.149658,3.25534
0.149902,-8.7004
0.150146,8.85059
0.150391,-12.4174
0.150635,9.57312
0.150879,-9.77707
0.151123,3.1747
0.151367,-2.97707
0.151611,-2.54862
0.151855,2.88063
0.1521,-4.5502
0.152344,5.29012
0.152588,-4.99605
0.152832,6.70672
0.153076,-4.41897
0.15332,4.18182
0.153564,-4.16917
0.153809,2.5834
0.154053,-5.09723
0.154297,0.803162
0.154541,-3.25692
0.154785,-1.06245
0.155029,0.622925
0.155273,-6.3336
0.155518,5.6996
0.155762,-9.75652
0.156006,9.78972
0.15625,-7.95889
0.156494,6.58498
0.156738,-2.66719
0.156982,-0.700395
0.157227,5.39921
0.157471,-7.90356
0.157715,10.0553
0.157959,-13.5004
0.158203,8.92648
0.158447,-10.9818
0.158691,2.22134
0.158936,-3.37866
0.15918,-6.79842
0.159424,6.07115
0.159668,-9.27273
0.159912,9.53992
0.160156,-7.55099
0.1604,6.59289
0.160645,-5.36285
0.160889,2.91541
0.161133,1.35968
0.161377,-1.64111
0.161621,4.36364
0.161865,-4.91858
0.162109,3.52569
0.162354,-4.96443
0.162598,2.70198
0.162842,-5.60632
0.163086,2.18814
0.16333,-4.5581
0.163574,1.84822
0.163818,-2.25929
0.164063,1.2585
0.164307,2.01739
0.164551,-0.467984
0.164795,4.15178
0.165039,-4.31937
0.165283,7.48775
0.165527,-7.4087
0.165771,6.56443
0.166016,-6.42055
0.16626,1.82925
0.166504,-1.89565
0.166748,-3.91937
0.166992,5.17312
0.167236,-8.26245
0.16748,7.98261
0.167725,-8.79209
0.167969,8.64348
0.168213,-4.17708
0.168457,3.96364
0.168701,2.17075
0.168945,-1.94783
0.169189,8.26245
0.169434,-7.6079
0.169678,6.67984
0.169922,-8.08063
0.170166,4.54071
0.17041,-3.83241
0.170654,1.20949
0.170898,-0.626087
0.171143,-4.98972
0.171387,2.57391
0.171631,-6.97549
0.171875,4.64032
0.172119,-4.48696
0.172363,3.48458
0.172607,-1.59684
0.172852,2.90593
0.173096,-0.787352
0.17334,1.55099
0.173584,-1.14783
0.173828,-0.847431
0.174072,-0.0790514
0.174316,-4.41739
0.174561,0.782609
0.174805,-5.98103
0.175049,3.61739
0.175293,-7.02925
0.175537,3.97154
0.175781,-4.54229
0.176025,0.967589
0.17627,2.24664
0.176514,-3.09565
0.176758,6.13755
0.177002,-6.15494
0.177246,7.40079
0.17749,-5.21423
0.177734,3.75652
0.177979,-5.80079
0.178223,-0.603953
0.178467,-1.21265
0.178711,-5.83399
0.178955,1.90988
0.179199,-8.55178
0.179443,4.7083
0.179688,-4.39368
0.179932,3.15573
0.180176,-0.474308
0.18042,0.918577
0.180664,0.00158112
0.180908,-0.732016
0.181152,2.45376
0.181396,-1.44032
0.181641,4.07747
0.181885,-3.80711
0.182129,1.99684
0.182373,-3.6253
0.182617,-0.420553
0.182861,-2.86957
0.183105,-0.732016
0.18335,-0.202372
0.183594,-1.96838
0.183838,3.17945
0.184082,-3.36443
0.184326,5.2585
0.18457,-1.63162
0.184814,3.06877
0.185059,-0.814229
0.185303,1.32016
0.185547,0.052174
0.185791,-1.72016
0.186035,1.97787
0.186279,-4.55336
0.186523,2.7747
0.186768,-5.60158
0.187012,3.2253
0.187256,-3.25375
0.1875,0.289328
0.187744,-0.548617
0.187988,1.75178
0.188232,2.65138
0.188477,0.154941
0.188721,4.40316
0.188965,-1.75968
0.189209,5.31858
0.189453,-3.20316
0.189697,1.69012
0.189941,-2.53597
0.190186,-2.09012
0.19043,0.0822134
0.190674,-2.67036
0.190918,1.45929
0.191162,-4.63399
0.191406,1.5415
0.19165,-5.05138
0.191895,1.84348
0.192139,-1.82609
0.192383,0.257708
0.192627,1.37549
0.192871,-1.1415
0.193115,2.45376
0.193359,-2.72569
0.193604,2.18498
0.193848,-3.17787
0.194092,0.268775
0.194336,-3.02134
0.19458,-2.11858
0.194824,-0.905929
0.195068,-2.76206
0.195313,-1.21581
0.195557,-1.6664
0.195801,-0.439526
0.196045,-0.532806
0.196289,1.48142
0.196533,-1.07036
0.196777,1.75652
0.197021,-1.43874
0.197266,1.11779
0.19751,0.294071
0.197754,-1.03874
0.197998,-1.04348
0.198242,-3.00711
0.198486,-1.79447
0.19873,-3.33913
0.198975,-0.822134
0.199219,-3.75968
0.199463,0.643478
0.199707,-1.20158
0.199951,0.393676
0.200195,0.147036
0.200439,-0.324111
0.200684,0.355731
0.200928,-0.47747
0.201172,2.28142
0.201416,-1.53676
0.20166,1.91146
0.201904,-1.73755
0.202148,-0.599209
0.202393,-0.33834
0.202637,-3.11146
0.202881,-0.485375
0.203125,-3.22846
0.203369,0.396838
0.203613,-0.863241
0.203857,0.23083
0.204102,1.13992
0.204346,0.850593
0.20459,1.78656
0.204834,-0.902767
0.205078,1.90988
0.205322,0.0996047
0.205566,1.10514
0.205811,-0.305138
0.206055,-0.880632
0.206299,-1.74704
0.206543,-1.34545
0.206787,-1.53676
0.207031,-0.586561
0.207275,-1.20474
0.20752,-1.17154
0.207764,-0.875889
0.208008,0.901186
0.208252,1.16838
0.208496,1.73123
0.20874,2.21818
0.208984,1.51462
0.209229,1.64427
0.209473,-0.675099
0.209717,-0.937549
0.209961,-1.1336
0.210205,-1.02292
0.210449,-0.235573
0.210693,-1.16364
0.210938,-1.60949
0.211182,-2.08696
0.211426,-0.732016
0.21167,-1.58103
0.211914,0.86166
0.212158,-0.793676
0.212402,0.320949
0.212646,2.21502
0.212891,-0.0869565
0.213135,0.8917
0.213379,-0.0474307
0.213623,-0.207115
0.213867,-0.414229
0.214111,-2.26877
0.214355,-1.17312
0.2146,-2.81423
0.214844,-0.716206
0.215088,-0.562846
0.215332,-2.42372
0.215576,0.485375
0.21582,-1.7834
0.216064,0.210277
0.216309,1.34862
0.216553,0.505929
0.216797,1.86245
0.217041,-0.926482
0.217285,0.610277
0.217529,0.218182
0.217773,-0.388933
0.218018,-2.42846
0.218262,-0.948617
0.218506,-3.90988
0.21875,-1.81028
0.218994,-3.6664
0.219238,-2.65771
0.219482,0.534387
0.219727,-1.09091
0.219971,1.21897
0.220215,-0.474308
0.220459,0.262451
0.220703,-2.517
0.220947,1.30751
0.221191,0.496443
0.221436,0.597628
0.22168,1.50672
0.221924,-1.95573
0.222168,0.298814
0.222412,-2.22134
0.222656,-0.931225
0.2229,-2.04901
0.223145,-0.633992
0.223389,-0.837945
0.223633,-0.894862
0.223877,-0.224506
0.224121,-0.0379446
0.224365,1.69328
0.224609,2.20237
0.224854,0.0853756
0.225098,1.87036
0.225342,-1.39289
0.225586,0.972332
0.22583,-0.241897
0.226074,-0.973913
0.226318,-0.727273
0.226563,-2.72569
0.226807,-0.346245
0.227051,-2.25929
0.227295,0.0553361
0.227539,-1.62846
0.227783,0.0584979
0.228027,2.15336
0.228271,-0.335178
0.228516,3.19051
0.22876,0.572332
0.229004,2.69565
0.229248,2.41897
0.229492,-2.36838
0.229736,0.512253
0.22998,-3.67115
0.230225,0.596048
0.230469,-2.13755
0.230713,-0.0142293
0.230957,-0.67668
0.231201,-3.80711
0.231445,0.488538
0.231689,-3.81344
0.231934,0.904348
0.232178,-0.853755
0.232422,0.13913
0.232666,2.97708
0.23291,-0.434783
0.233154,0.705138
0.233398,-1.40553
0.233643,0.147036
0.233887,-0.964427
0.234131,-1.35178
0.234375,-0.8
0.234619,-4.78261
0.234863,-0.0822134
0.235107,-1.99684
0.235352,0.388933
0.235596,-1.40553
0.23584,-0.540712
0.236084,0.502767
0.236328,-1.15099
0.236572,1.68854
0.236816,0.0505929
0.237061,0.449012
0.237305,0.962846
0.237549,-1.03241
0.237793,-0.227668
0.238037,-3.61897
0.238281,-0.567589
0.238525,-3.40237
0.23877,-1.97154
0.239014,-2.3083
0.239258,-2.74783
0.239502,0.181818
0.239746,-0.964427
0.23999,1.717
0.240234,0.675099
0.240479,0.126482
0.240723,-0.480632
0.240967,-0.4
0.241211,2.09802
0.241455,-1.09249
0.241699,2.74783
0.241943,-1.62688
0.242188,0.0632411
0.242432,0.0110671
0.242676,-3.25692
0.24292,-0.684585
0.243164,-2.16285
0.243408,1.03874
0.243652,-1.09407
0.243896,-0.35415
0.244141,1.31383
0.244385,-0.798419
0.244629,3.65059
0.244873,-1.34545
0.245117,3.49091
0.245361,-1.50356
0.245605,0.464822
0.24585,-0.113834
0.246094,-2.37312
0.246338,0.414229
0.246582,-3.14466
0.246826,0.793676
0.24707,-3.76127
0.247314,0.641897
0.247559,-2.23873
0.247803,0.379447
0.248047,2.16917
0.248291,0.00790525
0.248535,3.26166
0.248779,-0.0189723
0.249023,2.08063
0.249268,0.724111
0.249512,-0.637154
0.249756,-0.671937
0.25,-1.57312
0.250244,-0.818972
0.250488,-0.888538
0.250732,-0.657707
0.250977,-1.19051
0.251221,-2.30198
0.251465,-0.480632
0.251709,-0.607115
0.251953,-0.839526
0.252197,0.879051
0.252441,-1.80711
0.252686,2.83162
0.25293,-0.0205533
0.253174,1.34229
0.253418,-0.112253
0.253662,-2.21186
0.253906,0.956522
0.25415,-3.83083
0.254395,0.959684
0.254639,-5.22055
0.254883,0.940711
0.255127,-3.40553
0.255371,-0.396838
0.255615,-0.387352
0.255859,-1.13518
0.256104,1.61107
0.256348,-1.30909
0.256592,3.10672
0.256836,-3.32332
0.25708,2
0.257324,-1.76601
0.257568,1.66957
0.257813,-0.978656
0.258057,-2.56759
0.258301,-0.849012
0.258545,-5.98103
0.258789,-0.191304
0.259033,-4.82055
0.259277,0.237154
0.259521,-1.32648
0.259766,1.46877
0.26001,0.0442688
0.260254,-0.679842
0.260498,0.918577
0.260742,-1.03874
0.260986,3.17787
0.26123,-1.03715
0.261475,3.36759
0.261719,-1.53518
0.261963,-0.0126483
0.262207,-1.34229
0.262451,-0.210277
0.262695,-0.988142
0.262939,-2.92806
0.263184,0.700395
0.263428,-3.02134
0.263672,1.45929
0.263916,-1.883
0.26416,2.92964
0.264404,-0.485375
0.264648,2.58182
0.264893,-0.554941
0.265137,2.30988
0.265381,-0.431621
0.265625,0.524901
0.265869,0.147036
0.266113,-3.63953
0.266357,2.04901
0.266602,-5.90988
0.266846,2.77154
0.26709,-3.9083
0.267334,1.56206
0.267578,-1.61581
0.267822,-1.46087
0.268066,3.91779
0.268311,-4.00474
0.268555,8.08854
0.268799,-3.58261
0.269043,6.51225
0.269287,-1.06877
0.269531,0.159684
0.269775,0.638735
0.27002,-4.33518
0.270264,3.29486
0.270508,-4.74466
0.270752,3.63004
0.270996,-6.21344
0.27124,0.00632406
0.271484,-3.36443
0.271729,0.0205533
0.271973,-0.355731
0.272217,-1.31067
0.272461,1.43399
0.272705,-0.308301
0.272949,2.73202
0.273193,-2.11542
0.273438,2.49644
0.273682,-2.38419
0.273926,1.39763
0.27417,-5.11146
0.274414,0.471146
0.274658,-4.01581
0.274902,0.577075
0.275146,-2.0664
0.275391,-2.31937
0.275635,2.5502
0.275879,-5.94466
0.276123,6.10119
0.276367,-5.13202
0.276611,5.42925
0.276855,-2.14704
0.2771,1.53518
0.277344,1.64269
0.277588,-3.89407
0.277832,3.19526
0.278076,-8.02688
0.27832,5.06877
0.278564,-9.20158
0.278809,2.53439
0.279053,-5.58419
0.279297,-1.73281
0.279541,1.69961
0.279785,-3.13834
0.280029,5.33755
0.280273,-4.25613
0.280518,3.54466
0.280762,-4.54862
0.281006,3.93834
0.28125,-0.940711
0.281494,2.49486
0.281738,-0.159684
0.281982,-2.52648
0.282227,0.705138
0.282471,-3.66798
0.282715,0.752569
0.282959,-5.1668
0.283203,3.31541
0.283447,-4.33043
0.283691,3.44506
0.283936,-2.42846
0.28418,1.29012
0.284424,1.4419
0.284668,0.287747
0.284912,2.96759
0.285156,-3.31542
0.2854,4.80316
0.285645,-5.56047
0.285889,4.31304
0.286133,-5.77866
0.286377,2.58814
0.286621,-2.92016
0.286865,-2.8664
0.287109,2.33202
0.287354,-6.75099
0.287598,5.35336
0.287842,-5.5083
0.288086,7.82609
0.28833,-4.65455
0.288574,4.92964
0.288818,0.362055
0.289063,0.81581
0.289307,4.54387
0.289551,-4.92964
0.289795,4.76522
0.290039,-7.8166
0.290283,4.28458
0.290527,-5.14783
0.290771,3.18577
0.291016,-2.94387
0.29126,-1.66798
0.291504,-1.43557
0.291748,-2.92332
0.291992,3.09881
0.292236,-4.07273
0.29248,4.56759
0.292725,-2.39684
0.292969,4.94862
0.293213,-4.30988
0.293457,3.66166
0.293701,-2.50277
0.293945,0.332016
0.294189,-0.0205534
0.294434,-5.07826
0.294678,3.5083
0.294922,-8.09486
0.295166,5.29802
0.29541,-8.35731
0.295654,4.98656
0.295898,-3.49723
0.296143,0.464822
0.296387,2.05059
0.296631,-4.30988
0.296875,6.31937
0.297119,-6.72885
0.297363,6.57075
0.297607,-4.54545
0.297852,2.15494
0.298096,-4.30988
0.29834,-1.83557
0.298584,-2.33834
0.298828,-3.80711
0.299072,-0.262451
0.299316,-4.84585
0.299561,2.917
0.299805,-4.23241
0.300049,5.40395
0.300293,-4.29407
0.300537,4.41423
0.300781,-3.81502
0.301025,2.90277
0.30127,-0.611858
0.301514,-0.871146
0.301758,3.2
0.302002,-6.50751
0.302246,6.52016
0.30249,-9.88142
0.302734,4.9581
0.302979,-7.62846
0.303223,2.68617
0.303467,-1.45455
0.303711,-2.67194
0.303955,5.31225
0.304199,-6.09012
0.304443,8.04901
0.304688,-6.44743
0.304932,6.88379
0.305176,-3.05455
0.30542,2.87905
0.305664,0.388933
0.305908,-3.36601
0.306152,3.07352
0.306396,-7.09091
0.306641,5.60316
0.306885,-6.19921
0.307129,3.8166
0.307373,-4.79051
0.307617,0.101186
0.307861,0.703557
0.308105,1.38024
0.30835,1.58261
0.308594,1.6253
0.308838,2.36047
0.309082,-0.316206
0.309326,4.28617
0.30957,-4.60553
0.309814,4.3747
0.310059,-6.283
0.310303,3.98261
0.310547,-3.63794
0.310791,1.57628
0.311035,-1.93676
0.311279,-3.14783
0.311523,3.35968
0.311768,-7.70751
0.312012,8.40632
0.312256,-9.15889
0.3125,7.79447
0.312744,-3.69802
0.312988,2.90593
0.313232,2.03478
0.313477,-4.63083
0.313721,6.41739
0.313965,-9.02292
0.314209,6.21976
0.314453,-9.31383
0.314697,3.48775
0.314941,-3.12095
0.315186,-2.5913
0.31543,1.02292
0.315674,-5.00712
0.315918,4.08063
0.316162,-3.71383
0.316406,5.00711
0.31665,-4.04743
0.316895,2.61502
0.317139,-2.78419
0.317383,1.54941
0.317627,0.0632412
0.317871,-2.45534
0.318115,-0.101186
0.318359,-3.93992
0.318604,-0.980237
0.318848,-5.06877
0.319092,0.41581
0.319336,-5.29012
0.31958,4.68617
0.319824,-4.6087
0.320068,4.44269
0.320313,-1.85138
0.320557,-0.0458498
0.320801,1.93992
0.321045,-2.47905
0.321289,6.56285
0.321533,-5.45455
0.321777,5.98103
0.322021,-7.18893
0.322266,4.11541
0.32251,-2.95652
0.322754,-2.01739
0.322998,1.73439
0.323242,-6.73992
0.323486,4.94071
0.32373,-7.32806
0.323975,5.76601
0.324219,-2.84743
0.324463,4.06008
0.324707,0.0332017
0.324951,-0.916996
0.325195,2.36206
0.325439,-3.1083
0.325684,4.2419
0.325928,-4.64664
0.326172,3.11146
0.326416,-4.61344
0.32666,0.78419
0.326904,-2.0253
0.327148,-0.147036
0.327393,-0.545454
0.327637,-2.13123
0.327881,1.66008
0.328125,-0.701976
0.328369,2.96917
0.328613,-0.0553359
0.328857,4.88854
0.329102,-0.812648
0.329346,3.99684
0.32959,-2.90435
0.329834,-0.986561
0.330078,-1.34387
0.330322,-2.60553
0.330566,2.61976
0.330811,-5.22213
0.331055,2.92016
0.331299,-6.88854
0.331543,2.20079
0.331787,-4.09644
0.332031,2.56126
0.332275,-0.694071
0.33252,-0.502767
0.332764,3.22372
0.333008,-4.19763
0.333252,4.62293
0.333496,-4.4996
0.33374,3.41028
0.333984,-4.07747
0.334229,0.278261
0.334473,-2.56443
0.334717,-3.32806
0.334961,1.03557
0.335205,-5.13202
0.335449,2.88538
0.335693,-4.74625
0.335938,2.56917
0.336182,-1.8498
0.336426,2.0917
0.33667,-0.216601
0.336914,0.486956
0.337158,1.6332
0.337402,-1.1668
0.337646,1.78498
0.337891,-3.53518
0.338135,0.554941
0.338379,-3.83399
0.338623,-1.23636
0.338867,-2.84427
0.339111,-2.50909
0.339355,-2.94545
0.3396,-0.483795
0.339844,0.178656
0.340088,0.0600789
0.340332,2.54387
0.340576,-3.3249
0.34082,3.37866
0.341064,-2.57707
0.341309,3.52095
0.341553,-0.915415
0.341797,1.53202
0.342041,-0.0822135
0.342285,-1.72648
0.342529,0.0205533
0.342773,-5.50356
0.343018,1.36601
0.343262,-3.90356
0.343506,2.11542
0.34375,-1.9083
0.343994,-0.0600791
0.344238,0.76838
0.344482,0.164427
0.344727,2.22292
0.344971,0.12332
0.345215,2.22293
0.345459,-2.18814
0.345703,1.35336
0.345947,-2.13755
0.346191,0.713044
0.346436,-2.53755
0.34668,-0.63083
0.346924,-0.320949
0.347168,-1.93043
0.347412,1.02451
0.347656,-3.90198
0.3479,4.28617
0.348145,-1.07668
0.348389,3.75652
0.348633,0.849012
0.348877,1.22372
0.349121,3.27431
0.349365,0.0474309
0.349609,1.33123
0.349854,-1.97945
0.350098,-0.124901
0.350342,-2.7747
0.350586,-0.449012
0.35083,-0.505929
0.351074,-2.12332
0.351318,-1.49249
0.351563,-2.22767
0.351807,-0.991305
0.352051,-0.852174
0.352295,-0.189723
0.352539,0.395257
0.352783,2.54704
0.353027,-0.684585
0.353271,1.62846
0.353516,-2.10277
0.35376,1.10988
0.354004,-2.26403
0.354248,-0.947036
0.354492,-1.24111
0.354736,-3.40553
0.35498,0.442688
0.355225,-4.59447
0.355469,0.890119
0.355713,-2.53597
0.355957,0.943873
0.356201,1.02925
0.356445,-0.128063
0.356689,0.966008
0.356934,-2.283
0.357178,1.89407
0.357422,-0.762055
0.357666,1.37866
0.35791,-2.73043
0.358154,-1.64269
0.358398,-1.3913
0.358643,-4.95494
0.358887,-0.350988
0.359131,-4.04585
0.359375,-0.496443
0.359619,-0.390514
0.359863,-1.00079
0.360107,1.06561
0.360352,-0.467984
0.360596,0.627668
0.36084,-0.275099
0.361084,1.2332
0.361328,0.366798
0.361572,0.619763
0.361816,-0.573913
0.362061,-0.818972
0.362305,0.0347826
0.362549,-0.834782
0.362793,-1.91621
0.363037,-1.91779
0.363281,-1.29012
0.363525,0.559684
0.36377,-0.436364
0.364014,1.64427
0.364258,-0.178656
0.364502,1.44664
0.364746,0.458498
0.36499,0.937549
0.365234,1.97628
0.365479,-0.38419
0.365723,0.610277
0.365967,-1.19684
0.366211,-2.683
0.366455,-0.755731
0.366699,-1.87194
0.366943,-0.148617
0.367188,-1.09249
0.367432,-0.00632417
0.367676,-2.31937
0.36792,1.96047
0.368164,0.566008
0.368408,1.35336
0.368652,2.72095
0.368896,0.422134
0.369141,3.11779
0.369385,-1.25534
0.369629,0.0948617
0.369873,-0.920158
0.370117,-1.60949
0.370361,0.498024
0.370605,-2.12806
0.37085,0.741502
0.371094,-2.9834
0.371338,-1.56996
0.371582,-0.458498
0.371826,-1.48458
0.37207,1.8419
0.372314,-1.40395
0.372559,0.970751
0.372803,0.374703
0.373047,0.316205
0.373291,1.75494
0.373535,-0.924901
0.373779,0.632411
0.374023,-2.12332
0.374268,-1.28063
0.374512,-1.92727
0.374756,-2.61976
0.375,0.305138
0.375244,-2.66719
0.375488,-0.788933
0.375732,-0.768379
0.375977,-0.467984
0.376221,0.264032
0.376465,1.60791
0.376709,0.452174
0.376953,0.110672
0.377197,0.436364
0.377441,-0.194466
0.377686,-0.480632
0.37793,-1.4419
0.378174,-1.49881
0.378418,-2.4332
0.378662,-2.54545
0.378906,-3.85138
0.37915,-2.29407
0.379395,-1.96996
0.379639,0.344664
0.379883,-0.709881
0.380127,1.06561
0.380371,-0.610277
0.380615,-1.2917
0.380859,-0.166008
0.381104,1.18261
0.381348,1.31383
0.381592,0.98498
0.381836,-0.226087
0.38208,-2.45059
0.382324,0.581818
0.382568,-2.08063
0.382813,-1.66798
0.383057,-0.458498
0.383301,-1.02925
0.383545,-0.618182
0.383789,-1.99842
0.384033,1.31858
0.384277,1.07984
0.384521,2.49802
0.384766,0.752569
0.38501,0.739921
0.385254,0.746245
0.385498,-0.537549
0.385742,1.46719
0.385986,-1.483
0.38623,-0.0173914
0.386475,-2.4332
0.386719,-0.588142
0.386963,-1.76126
0.387207,-0.411067
0.387451,-0.817391
0.387695,-2.1581
0.387939,2.1834
0.388184,0.656126
0.388428,1.7249
0.388672,1.317
0.388916,1.90514
0.38916,3.01186
0.389404,0.257707
0.389648,-0.918577
0.389893,-0.431621
0.390137,-2.15652
0.390381,-0.0774703
0.390625,-0.812648
0.390869,0.50751
0.391113,-1.78024
0.391357,-1.04822
0.391602,-2.43162
0.391846,-1.31383
0.39209,1.06087
0.392334,-1.12885
0.392578,2.09961
0.392822,0.055336
0.393066,1.08775
0.393311,-0.283004
0.393555,-1.39763
0.393799,0.8
0.394043,-1.55889
0.394287,-0.732016
0.394531,-3.28063
0.394775,-0.86166
0.39502,-2.66403
0.395264,-1.61107
0.395508,-0.502767
0.395752,-1.88459
0.395996,0.554941
0.39624,-1.71225
0.396484,1.18577
0.396729,-0.00474308
0.396973,-0.743083
0.397217,0.7083
0.397461,-0.362055
0.397705,0.588142
0.397949,-3.21107
0.398193,-1.31067
0.398438,-1.90198
0.398682,-2.54862
0.398926,-2.13439
0.39917,-2.81107
0.399414,-1.5747
0.399658,-1.33281
0.399902,1.13676
0.400146,0.21502
0.400391,1.47826
0.400635,-0.00632417
0.400879,-0.904348
0.401123,1.38498
0.401367,-0.562846
0.401611,1.92411
0.401855,-0.273518
0.4021,-0.520158
0.402344,-0.101186
0.402588,-2.97866
0.402832,-1.55889
0.403076,-2.41265
0.40332,-0.10751
0.403564,0.597628
0.403809,-0.376285
0.404053,0.295652
0.404297,-0.513834
0.404541,2.13913
0.404785,0.175494
0.405029,0.730435
0.405273,2.04743
0.405518,-0.687747
0.405762,0.344664
0.406006,-1.78182
0.40625,-0.950198
0.406494,-0.864822
0.406738,-1.96364
0.406982,0.675099
0.407227,-1.81186
0.407471,-0.828459
0.407715,-1.61423
0.407959,1.4419
0.408203,1.717
0.408447,0.869565
0.408691,2.17391
0.408936,0.841107
0.40918,1.24269
0.409424,0.129644
0.409668,-0.713044
0.409912,-0.178656
0.410156,-2.36996
0.4104,-0.301976
0.410645,-1.89407
0.410889,-1.58261
0.411133,-2.50119
0.411377,-1.28538
0.411621,-1.2664
0.411865,-1.50514
0.412109,-0.339921
0.412354,-1.22213
0.412598,0.501186
0.412842,1.51304
0.413086,2.16443
0.41333,-1.50514
0.413574,-0.444269
0.413818,-1.64743
0.414063,-1.20632
0.414307,-1.67589
0.414551,-2.47747
0.414795,-0.317786
0.415039,-3.41344
0.415283,-1.37233
0.415527,-1.43083
0.415771,-0.901186
0.416016,1.07668
0.41626,0.33834
0.416504,1.17312
0.416748,-0.121739
0.416992,-0.306719
0.417236,0.455336
0.41748,-0.997628
0.417725,0.358893
0.417969,-1.15731
0.418213,-2.07905
0.418457,-1.67115
0.418701,-3.72964
0.418945,-1.70909
0.419189,-2.87905
0.419434,-0.0363635
0.419678,0.395257
0.419922,-0.719368
0.420166,1.65217
0.42041,-1.44506
0.420654,1.89249
0.420898,-0.336759
0.421143,1.94783
0.421387,0.262451
0.421631,0.192885
0.421875,-0.512253
0.422119,-2.17391
0.422363,2.49961
0.422607,-3.59209
0.422852,1.33439
0.423096,-4.29723
0.42334,0.00316206
0.423584,-0.874308
0.423828,0.488538
0.424072,1.63004
0.424316,-1.23004
0.424561,3.37708
0.424805,-2.09328
0.425049,3.1668
0.425293,-1.34545
0.425537,1.23953
0.425781,-1.24901
0.426025,-1.00395
0.42627,-0.836364
0.426514,-3.42134
0.426758,0.192885
0.427002,-1.83557
0.427246,1.02292
0.42749,-1.76759
0.427734,0.0252965
0.427979,0.499605
0.428223,-0.229249
0.428467,1.51304
0.428711,2.27036
0.428955,1.91304
0.429199,1.75652
0.429443,0.366798
0.429688,-2.34625
0.429932,0.0727272
0.430176,-3.85929
0.43042,2.24822
0.430664,-2.43953
0.430908,-0.0347826
0.431152,-1.91462
0.431396,-2.90593
0.431641,-0.248221
0.431885,-2.42055
0.432129,2.55336
0.432373,-2.54071
0.432617,2.48063
0.432861,-1.49723
0.433105,2.01897
0.43335,-0.485376
0.433594,-0.290909
0.433838,1.2996
0.434082,-2.69249
0.434326,0.0284586
0.43457,-4.41739
0.434814,0.243478
0.435059,-2.71304
0.435303,-0.0252963
0.435547,-1.58261
0.435791,-0.38419
0.436035,-0.142292
0.436279,-0.605534
0.436523,2.03636
0.436768,-1.16996
0.437012,3.04032
0.437256,-1.98577
0.4375,2.18656
0.437744,-1.21739
0.437988,-1.47984
0.438232,-1.69486
0.438477,-3.52095
0.438721,-1.44032
0.438965,-4.87431
0.439209,-1.65217
0.439453,-3.05929
0.439697,1.54941
0.439941,-1.63636
0.440186,2.18972
0.44043,-2.13597
0.440674,-0.135968
0.440918,-0.301976
0.441162,-0.101186
0.441406,2.37945
0.44165,-2.26403
0.441895,2.02372
0.442139,-4.02846
0.442383,1.51937
0.442627,-4.18656
0.442871,-0.0853755
0.443115,-1.41976
0.443359,-1.27273
0.443604,2.13123
0.443848,-3.59526
0.444092,4.16443
0.444336,-2.05376
0.44458,4.86008
0.444824,-1.63162
0.445068,2.58498
0.445313,0.0505929
0.445557,-0.392095
0.445801,0.793676
0.446045,-2.32411
0.446289,2.44585
0.446533,-3.27115
0.446777,0.414229
0.447021,-3.39289
0.447266,1.0087
0.44751,-2.28142
0.447754,0.166008
0.447998,2.19763
0.448242,-0.879052
0.448486,4.35257
0.44873,-1.47352
0.448975,4.57233
0.449219,-0.719368
0.449463,3.12569
0.449707,-2.06008
0.449951,-0.520158
0.450195,-2.75731
0.450439,-1.5415
0.450684,0.935968
0.450928,-2.52964
0.451172,0.362055
0.451416,-5.15889
0.45166,1.04348
0.451904,-3.75494
0.452148,2.55336
0.452393,-2.22925
0.452637,1.0419
0.452881,1.74862
0.453125,-1.10988
0.453369,1.26957
0.453613,-3.12095
0.453857,3.03874
0.454102,-4.71146
0.454346,1.30593
0.45459,-4.8664
0.454834,-0.554941
0.455078,-2.11858
0.455322,-3.32648
0.455566,1.6996
0.455811,-3.59684
0.456055,2.8585
0.456299,-2.85534
0.456543,2.93439
0.456787,-2.91383
0.457031,1.91146
0.457275,-1.30435
0.45752,0.762055
0.457764,0.344664
0.458008,-5.3249
0.458252,1.85771
0.458496,-6.61502
0.45874,2.60711
0.458984,-5.78972
0.459229,-0.124901
0.459473,-2.99921
0.459717,-0.385771
0.459961,0.210277
0.460205,-0.801581
0.460449,2.65138
0.460693,-3.59368
0.460938,4.48379
0.461182,-1.79921
0.461426,3.10039
0.46167,-0.270356
0.461914,-0.709881
0.462158,-0.453755
0.462402,-1.65534
0.462646,-0.833202
0.462891,-3.15099
0.463135,-0.325692
0.463379,-2.99763
0.463623,2.56601
0.463867,-1.78182
0.464111,1.89723
0.464355,-0.758893
0.4646,1.55573
0.464844,-1.09565
0.465088,1.6253
0.465332,2.29249
0.465576,-2.16601
0.46582,3.06561
0.466064,-5.00553
0.466309,1.81502
0.466553,-4.34625
0.466797,1.40553
0.467041,-1.40395
0.467285,-1.05296
0.467529,0.458498
0.467773,-4.11067
0.468018,4.90119
0.468262,-2.96759
0.468506,6.15494
0.46875,-1.25375
0.468994,3.18261
0.469238,0.942293
0.469482,-0.540711
0.469727,0.967589
0.469971,-2.99921
0.470215,1.05771
0.470459,-3.52411
0.470703,1.16996
0.470947,-3.19842
0.471191,-0.988142
0.471436,-1.2585
0.47168,-1.61739
0.471924,0.801581
0.472168,-1.98261
0.472412,0.78419
0.472656,-0.811067
0.4729,2.43953
0.473145,-0.618182
0.473389,3.06403
0.473633,-2.84427
0.473877,0.632411
0.474121,-2.70356
0.474365,-0.811067
0.474609,-2.30198
0.474854,-1.52411
0.475098,-0.709881
0.475342,-3.6664
0.475586,0.820553
0.47583,-3.50672
0.476074,3.40079
0.476318,-2.36206
0.476563,2.84901
0.476807,0.313043
0.477051,-1.95257
0.477295,1.94308
0.477539,-3.91146
0.477783,4.89802
0.478027,-6.92174
0.478271,2.73676
0.478516,-5.30435
0.47876,-2.36047
0.479004,-1.97787
0.479248,-4.34625
0.479492,2.28775
0.479736,-3.1415
0.47998,4.00158
0.480225,-2.31937
0.480469,1.37391
0.480713,-2.61818
0.480957,1.75968
0.481201,1.49249
0.481445,-0.395257
0.481689,2.64032
0.481934,-3.12095
0.482178,1.12253
0.482422,-1.98577
0.482666,-0.305138
0.48291,-2.07589
0.483154,-0.928063
0.483398,-2.37628
0.483643,0.00790513
0.483887,-0.921739
0.484131,1.14783
0.484375,1.87984
0.484619,0.450593
0.484863,0.966008
0.485107,-1.15099
0.485352,2.61818
0.485596,-2.47431
0.48584,3.00079
0.486084,-2.52016
0.486328,-1.24901
0.486572,-2.31462
0.486816,-3.07036
0.487061,0.690909
0.487305,-2.68617
0.487549,1.77391
0.487793,-3.05613
0.488037,4.1502
0.488281,-2.24032
0.488525,2.87273
0.48877,0.559684
0.489014,0.344664
0.489258,5.86403
0.489502,-4.41897
0.489746,2.42055
0.48999,-4.86957
0.490234,0.627668
0.490479,-1.97628
0.490723,0.431621
0.490967,-0.0727272
0.491211,-3.47036
0.491455,-0.436364
0.491699,-3.68221
0.491943,2.40632
0.492188,-2.07431
0.492432,2.31779
0.492676,-0.885375
0.49292,1.18893
0.493164,0.178656
0.493408,-0.554941
0.493652,1.27905
0.493896,-0.773122
0.494141,-0.940711
0.494385,-2.2498
0.494629,-1.9083
0.494873,-3.19368
0.495117,1.02292
0.495361,-3.22688
0.495605,1.34071
0.49585,-1.16838
0.496094,-0.83004
0.496338,1.64901
0.496582,-0.635573
0.496826,2.44743
0.49707,-1.95099
0.497314,1.91779
0.497559,-0.150198
0.497803,0.403162
0.498047,-3.40553
0.498291,-0.915415
0.498535,-2.72569
0.498779,-2.61344
0.499023,-1.16047
0.499268,-4.8253
0.499512,1.44032
0.499756,-2.41581
0.5,2.83794
0.500244,-0.769961
0.500488,1.62688
0.500732,-0.777866
0.500977,-1.08142
0.501221,1.81186
0.501465,-1.22688
0.501709,3.57154
0.501953,-2.65929
0.502197,0.948617
0.502441,-1.70435
0.502686,-2.51541
0.50293,-1.51462
0.503174,-2.56443
0.503418,0.928063
0.503662,-2.72253
0.503906,0.134387
0.50415,-0.905929
0.504395,0.999209
0.504639,1.55889
0.504883,1.00711
0.505127,1.5336
0.505371,-0.758893
0.505615,0.559684
0.505859,-1.12727
0.506104,-0.671937
0.506348,-2.38419
0.506592,-0.371542
0.506836,-1.73281
0.50708,-1.21423
0.507324,-0.420553
0.507568,-1.34545
0.507813,0.27668
0.508057,1.2332
0.508301,1.15099
0.508545,2.11858
0.508789,1.44506
0.509033,0.580237
0.509277,3.88617
0.509521,-1.26482
0.509766,1.2664
0.51001,-1.96364
0.510254,-1.33597
0.510498,-1.59209
0.510742,-1.99526
0.510986,0.724111
0.51123,-4.00949
0.511475,1.10198
0.511719,-4.28617
0.511963,0.369961
0.512207,-1.20158
0.512451,-0.210277
0.512695,1.99051
0.512939,-0.613439
0.513184,3.24901
0.513428,-2.84269
0.513672,1.39605
0.513916,-2.07589
0.51416,-0.73834
0.514404,-0.316206
0.514648,-3.81818
0.514893,1.34545
0.515137,-4.30514
0.515381,-0.0980237
0.515625,-1.26956
0.515869,-0.485376
0.516113,0.53913
0.516357,-0.238735
0.516602,1.82451
0.516846,-0.913834
0.51709,-0.335178
0.517334,0.327273
0.517578,-0.509091
0.517822,1.3913
0.518066,-3.41028
0.518311,-1.62372
0.518555,-2.88696
0.518799,-3.81502
0.519043,-0.558103
0.519287,-4.48696
0.519531,0.649802
0.519775,-1.71067
0.52002,0.52332
0.520264,0.349407
0.520508,-0.947035
0.520752,1.94941
0.520996,-1.55889
0.52124,2.79526
0.521484,-0.610277
0.521729,1.11462
0.521973,-1.38656
0.522217,-0.0142293
0.522461,0.652965
0.522705,-3.85138
0.522949,-0.977075
0.523193,-2.83004
0.523438,-0.135968
0.523682,-1.56047
0.523926,1.67115
0.52417,0.381028
0.524414,0.47747
0.524658,1.67589
0.524902,-1.14308
0.525146,2.06957
0.525391,-0.4917
0.525635,0.980237
0.525879,-0.104348
0.526123,-1.73439
0.526367,-0.659289
0.526611,-2.32569
0.526855,-0.928063
0.5271,-0.597628
0.527344,-0.385771
0.527588,-0.781028
0.527832,-1.05138
0.528076,1.81502
0.52832,0.0901185
0.528564,2
0.528809,1.78182
0.529053,2.50751
0.529297,0.966008
0.529541,-0.493281
0.529785,-0.501186
0.530029,-1.01186
0.530273,-0.0521739
0.530518,0.460079
0.530762,-0.943874
0.531006,-1.39447
0.53125,-2.62767
0.531494,0.145455
0.531738,-1.30751
0.531982,-0.358893
0.532227,0.129644
0.532471,-1.04822
0.532715,1.16838
0.532959,-0.516996
0.533203,1.73439
0.533447,-0.572332
0.533691,0.0790514
0.533936,0.629249
0.53418,-3.3249
0.534424,-0.717787
0.534668,-3.0498
0.534912,-0.535968
0.535156,-1.50514
0.5354,-1.88617
0.535645,-0.287747
0.535889,-1.82925
0.536133,0.434782
0.536377,0.0442688
0.536621,1.28379
0.536865,-0.332016
0.537109,0.828458
0.537354,-0.265613
0.537598,-0.16917
0.537842,-0.526482
0.538086,-2.27826
0.53833,-0.417391
0.538574,-3.96047
0.538818,-1.58261
0.539063,-3.94783
0.539307,-3.22846
0.539551,-0.396838
0.539795,-0.058498
0.540039,0.826878
0.540283,0.134387
0.540527,-0.420553
0.540771,-0.72253
0.541016,0.0316206
0.54126,1.81028
0.541504,0.763636
0.541748,0.583399
0.541992,-1.8498
0.542236,1.53518
0.54248,-1.96996
0.542725,-1.69012
0.542969,-0.309881
0.543213,-1.97628
0.543457,-0.21502
0.543701,-0.226087
0.543945,-0.983399
0.544189,1.50672
0.544434,0.564427
0.544678,1.98893
0.544922,0.390514
0.545166,0.47747
0.54541,0.450593
0.545654,-1.03241
0.545898,-0.327273
0.546143,-0.447431
0.546387,-1.43399
0.546631,-1.14625
0.546875,-1.95099
0.547119,-1.12253
0.547363,-0.385771
0.547607,-0.744664
0.547852,-0.055336
0.548096,2.08063
0.54834,-0.431621
0.548584,2.87589
0.548828,0.812648
0.549072,2.06957
0.549316,2.58814
0.549561,-1.18261
0.549805,0.320949
0.550049,-3.44664
0.550293,-1.01028
0.550537,-0.920158
0.550781,-0.822134
0.551025,-0.411067
0.55127,-3.44822
0.551514,-1.5083
0.551758,-1.76759
0.552002,0.327273
0.552246,-1.14783
0.55249,0.467984
0.552734,0.640316
0.552979,0.564427
0.553223,0.613439
0.553467,-0.951779
0.553711,0.705138
0.553955,-1.0498
0.554199,-1.62213
0.554443,-1.48458
0.554688,-2.24822
0.554932,-1.05296
0.555176,-2.93755
0.55542,-0.295652
0.555664,-0.850593
0.555908,-0.521739
0.556152,0.727273
0.556396,-0.591304
0.556641,1.30593
0.556885,-0.87747
0.557129,1.29012
0.557373,0.90751
0.557617,-0.78419
0.557861,0.597628
0.558105,-3.84032
0.55835,-1.28221
0.558594,-2.73834
0.558838,-2.37154
0.559082,-1.81028
0.559326,-4.10119
0.55957,0.490119
0.559814,-1.56838
0.560059,0.841107
0.560303,1.06719
0.560547,-0.403162
0.560791,0.63083
0.561035,0.0932807
0.561279,1.717
0.561523,0.32253
0.561768,0.00632413
0.562012,-0.434783
0.562256,-0.336759
0.5625,-0.662451
0.562744,-1.51779
0.562988,-1.45455
0.563232,-1.25692
0.563477,0.420553
0.563721,-0.311462
0.563965,-0.0790513
0.564209,0.746245
0.564453,0.879052
0.564697,0.975494
0.564941,0.945454
0.565186,1.43874
0.56543,0.224506
0.565674,-0.143873
0.565918,-1.11146
0.566162,-0.385771
0.566406,-1.99526
0.56665,-1.00237
0.566895,-1.32332
0.567139,-1.01502
0.567383,-0.948617
0.567627,-2.30672
0.567871,0.417391
0.568115,1.91621
0.568359,1.22055
0.568604,2.17391
0.568848,0.771542
0.569092,1.86561
0.569336,1.2917
0.56958,0.763636
0.569824,-1.22372
0.570068,-1.43557
0.570313,-2.16127
0.570557,0.189723
0.570801,-2.16443
0.571045,-1.37549
0.571289,-1.78182
0.571533,-1.7913
0.571777,-0.981818
0.572021,-0.456917
0.572266,-0.834782
0.57251,-0.879052
0.572754,1.91304
0.572998,0.970751
0.573242,1.36759
0.573486,-0.211858
0.57373,0.360474
0.573975,-1.27747
0.574219,-2.2087
0.574463,-1.06561
0.574707,-1.79763
0.574951,0.13913
0.575195,-2.81265
0.575439,-0.84585
0.575684,-2.09486
0.575928,-0.186561
0.576172,0.645059
0.576416,1.05138
0.57666,0.441107
0.576904,-0.306719
0.577148,0.475889
0.577393,-0.855336
0.577637,1.47984
0.577881,-1.41186
0.578125,-1.75178
0.578369,-1.94941
0.578613,-3.98419
0.578857,-0.773123
0.579102,-3.56047
0.579346,-1.58261
0.57959,-0.346245
0.579834,-0.109091
0.580078,0.488537
0.580322,0.0727274
0.580566,-1.28221
0.580811,-0.143873
0.581055,0.444269
0.581299,1.07036
0.581543,1.08458
0.581787,-0.27668
0.582031,-1.35494
0.582275,-0.578656
0.58252,-0.942292
0.582764,-1.04822
0.583008,-1.51937
0.583252,-2.28775
0.583496,-0.515415
0.58374,-0.875889
0.583984,0.0711463
0.584229,1.52885
0.584473,1.49565
0.584717,1.1083
0.584961,-0.849012
0.585205,1.75178
0.585449,-0.486957
0.585693,0.888538
0.585938,-1.11146
0.586182,-1.95889
0.586426,-1.60474
0.58667,-3.05771
0.586914,0.101186
0.587158,-1.02609
0.587402,0.050593
0.587646,-1.67273
0.587891,-0.211858
0.588135,1.70119
0.588379,-0.594467
0.588623,4.07905
0.588867,-0.286166
0.589111,3.49091
0.589355,1.12727
0.5896,-0.452174
0.589844,-0.414229
0.590088,-2.19289
0.590332,-0.411067
0.590576,-1.75178
0.59082,0.689328
0.591064,-2.66561
0.591309,-1.81186
0.591553,-2.15652
0.591797,-1.11621
0.592041,1.45296
0.592285,-1.47036
0.592529,1.44348
0.592773,0.0458499
0.593018,0.219763
0.593262,0.580237
0.593506,0.463241
0.59375,0.0695652
0.593994,-1.13992
0.594238,-1.95889
0.594482,-1.98577
0.594727,-2.69407
0.594971,0.124901
0.595215,-2.87905
0.595459,0.110672
0.595703,-1.43557
0.595947,-1.16206
0.596191,-0.0648222
0.596436,-0.0379447
0.59668,1.88142
0.596924,0.43004
0.597168,0.27668
0.597412,-0.279842
0.597656,0.559684
0.5979,-1.33439
0.598145,-3.21897
0.598389,-0.151779
0.598633,-4.69091
0.598877,-0.717787
0.599121,-4.66877
0.599365,-1.58419
0.599609,-0.893281
0.599854,-0.562846
0.600098,2.4253
0.600342,-1.58103
0.600586,1.51304
0.60083,-2.27036
0.601074,1.85138
0.601318,-0.403162
0.601563,1.01976
0.601807,1.66008
0.602051,-3.12411
0.602295,1.19526
0.602539,-2.93439
0.602783,-1.30909
0.603027,-2.4664
0.603271,-1.24743
0.603516,0.341502
0.60376,-0.694071
0.604004,-0.350988
0.604248,0.259288
0.604492,1.93202
0.604736,1.07352
0.60498,0.27668
0.605225,0.502767
0.605469,0.526482
0.605713,-1.07352
0.605957,0.547036
0.606201,-1.59051
0.606445,-0.790514
0.606689,-2.05059
0.606934,-1.49565
0.607178,-0.874308
0.607422,-1.29802
0.607666,-0.855336
0.60791,-0.475889
0.608154,2.72569
0.608398,-0.855336
0.608643,4.08379
0.608887,-1.50988
0.609131,3.10514
0.609375,1.79447
0.609619,-1.51621
0.609863,2.05217
0.610107,-3.73281
0.610352,0.485375
0.610596,-2.43794
0.61084,0.570751
0.611084,-1.2664
0.611328,-2
0.611572,-0.913834
0.611816,-2.01739
0.612061,1.26166
0.612305,-2.0585
0.612549,1.77391
0.612793,0.496443
0.613037,0.542292
0.613281,0.695652
0.613525,0.343083
0.61377,-0.56917
0.614014,0.352569
0.614258,-0.341502
0.614502,-2.41107
0.614746,-1.09565
0.61499,-2.0664
0.615234,-1.45138
0.615479,-2.35415
0.615723,-0.298814
0.615967,-0.629249
0.616211,-0.191304
0.616455,0.758893
0.616699,-0.64664
0.616943,0.683004
0.617188,-2.01423
0.617432,0.942293
0.617676,-0.466403
0.61792,-0.730435
0.618164,-3.23953
0.618408,-0.788933
0.618652,-4.48854
0.618896,-1.48458
0.619141,-1.91621
0.619385,-3.10514
0.619629,1.47984
0.619873,-3.2996
0.620117,2.61976
0.620361,-1.50198
0.620605,1.33755
0.62085,-0.63083
0.621094,0.855336
0.621338,2.14704
0.621582,-0.942292
0.621826,2.49802
0.62207,-2.93597
0.622314,2.31304
0.622559,-3.32648
0.622803,-1.28696
0.623047,-2.01423
0.623291,-1.78972
0.623535,1.34387
0.623779,-2.00791
0.624023,2.06324
0.624268,-1.01186
0.624512,2.8917
0.624756,-0.317787
0.625,1.19842
0.625244,1.42134
0.625488,-0.355731
0.625732,1.33281
0.625977,-1.17312
0.626221,-0.355731
0.626465,-1.91937
0.626709,-0.746245
0.626953,-1.81028
0.627197,0.575494
0.627441,-1.61265
0.627686,-0.60079
0.62793,-0.27668
0.628174,1.19051
0.628418,1.30435
0.628662,2.48696
0.628906,2.65138
0.62915,0.66087
0.629395,2.22925
0.629639,-2.7668
0.629883,1.47194
0.630127,-1.63953
0.630371,-0.83004
0.630615,-0.679842
0.630859,-2.79684
0.631104,-0.603952
0.631348,-2.96285
0.631592,1.07036
0.631836,-2.14229
0.63208,1.70751
0.632324,-2.46957
0.632568,1.22055
0.632813,1.4166
0.633057,0.578656
0.633301,1.89881
0.633545,-1.86245
0.633789,0.344664
0.634033,-1.69328
0.634277,-0.148617
0.634521,-3.36285
0.634766,-1.66482
0.63501,-1.29328
0.635254,-2.683
0.635498,-0.13913
0.635742,-2.26719
0.635986,0.44585
0.63623,-0.875889
0.636475,1.47668
0.636719,0.0616601
0.636963,0.181818
0.637207,-0.0411067
0.637451,-0.763636
0.637695,0.395257
0.637939,-2.06957
0.638184,-1.06403
0.638428,-1.88933
0.638672,-4.06008
0.638916,-1.43715
0.63916,-3.48458
0.639404,-2.58656
0.639648,1.75652
0.639893,-1.38972
0.640137,1.64269
0.640381,-1.22213
0.640625,-0.651384
0.640869,1.28696
0.641113,-0.58498
0.641357,3.23162
0.641602,-1.18893
0.641846,1.41186
0.64209,-2.46482
0.642334,1.46719
0.642578,-1.57787
0.642822,-2.18498
0.643066,0.439526
0.643311,-3.31858
0.643555,1.88142
0.643799,-3.03083
0.644043,1.97945
0.644287,-1.83399
0.644531,2.16443
0.644775,0.316206
0.64502,-0.319368
0.645264,2.02213
0.645508,-2.12964
0.645752,2.77945
0.645996,-2.72411
0.64624,1.7502
0.646484,-2.3415
0.646729,-0.849012
0.646973,-1.90672
0.647217,-0.403162
0.647461,0.271937
0.647705,-2.39209
0.647949,1.57312
0.648193,0.00474317
0.648438,1.54941
0.648682,1.09881
0.648926,2.42213
0.64917,1.62846
0.649414,1.84032
0.649658,-1.28063
0.649902,-0.822134
0.650146,-1.37075
0.650391,-2.27668
0.650635,0.633992
0.650879,-2.14229
0.651123,-0.616601
0.651367,-2.81897
0.651611,-0.994466
0.651855,-1.6332
0.6521,0.221344
0.652344,-0.730434
0.652588,-0.4
0.652832,1.61265
0.653076,0.358893
0.65332,0.798419
0.653564,-2.38261
0.653809,1.30119
0.654053,-2.98972
0.654297,0.268775
0.654541,-2.58024
0.654785,-2.0664
0.655029,-0.671937
0.655273,-3.54466
0.655518,1.33597
0.655762,-2.40158
0.656006,1.82925
0.65625,-2.07273
0.656494,1.47984
0.656738,0.183399
0.656982,-0.0347826
0.657227,0.978656
0.657471,-1.39763
0.657715,2.26087
0.657959,-4.85059
0.658203,0.101186
0.658447,-2.87115
0.658691,-1.83241
0.658936,-2.03162
0.65918,-3.2996
0.659424,-2.06957
0.659668,-0.768379
0.659912,0.697233
0.660156,0.00158103
0.6604,0.76996
0.660645,-0.499605
0.660889,0.703557
0.661133,0.418972
0.661377,1.38814
0.661621,0.940712
0.661865,-0.763636
0.662109,-0.4
0.662354,-0.0284587
0.662598,-1.1083
0.662842,-3.04822
0.663086,-0.0458498
0.66333,-2.49486
0.663574,1.33281
0.663818,-1.44506
0.664063,0.875889
0.664307,-0.113834
0.664551,0.371541
0.664795,2.04743
0.665039,0.521739
0.665283,2.5502
0.665527,-0.948616
0.665771,0.0347824
0.666016,-2.21818
0.66626,-0.0948617
0.666504,-1.54941
0.666748,-1.25059
0.666992,-0.535968
0.667236,-1.66798
0.66748,0.27668
0.667725,-1.8751
0.667969,2.23241
0.668213,0.526482
0.668457,0.796838
0.668701,2.4
0.668945,0.531225
0.669189,3.0087
0.669434,-0.44585
0.669678,0.67668
0.669922,-1.12569
0.670166,-1.55099
0.67041,0.00632405
0.670654,-1.70277
0.670898,-1.23794
0.671143,-2.57391
0.671387,-2.27668
0.671631,-1.27115
0.671875,-0.588142
0.672119,-0.221344
0.672363,-0.602372
0.672607,-0.319368
0.672852,0.8
0.673096,0.420554
0.67334,1.20158
0.673584,-0.730435
0.673828,-0.768379
0.674072,-1.27115
0.674316,-1.71225
0.674561,-1.66166
0.674805,-1.16838
0.675049,-1.70119
0.675293,-2.67984
0.675537,-0.327273
0.675781,-2.14545
0.676025,1.23478
0.67627,0.929644
0.676514,0.335178
0.676758,0.611858
0.677002,-0.86166
0.677246,1.62055
0.67749,-0.766798
0.677734,0.694071
0.677979,-2.57549
0.678223,-1.81502
0.678467,-2.19763
0.678711,-3.15415
0.678955,-1.49881
0.679199,-4.36996
0.679443,-1.05929
0.679688,-0.589723
0.679932,0.0442687
0.680176,1.05929
0.68042,-1.02925
0.680664,0.885375
0.680908,-0.834783
0.681152,2.99289
0.681396,0.189723
0.681641,0.736759
0.681885,-0.849012
0.682129,-1.66324
0.682373,0.837945
0.682617,-2.61976
0.682861,-0.58498
0.683105,-2.01897
0.68335,-1.2332
0.683594,-0.252964
0.683838,-0.863241
0.684082,0.831621
0.684326,0.385771
0.68457,1.57628
0.684814,-0.18498
0.685059,0.357312
0.685303,2.12174
0.685547,-0.588142
0.685791,1.45138
0.686035,-2.12332
0.686279,-0.932806
0.686523,-1.37708
0.686768,-1.69328
0.687012,0.336759
0.687256,-1.69802
0.6875,-0.417391
0.687744,-2.28775
0.687988,1.70119
0.688232,0.520158
0.688477,0.156522
0.688721,3.86877
0.688965,-0.398419
0.689209,2.87747
0.689453,0.86166
0.689697,-0.542293
0.689941,-0.980237
0.690186,-2.55968
0.69043,0.741502
0.690674,-0.961265
0.690918,-1.32806
0.691162,-1.50672
0.691406,-3.2332
0.69165,-1.3581
0.691895,-0.818972
0.692139,0.970751
0.692383,-0.521739
0.692627,0.287747
0.692871,0.792095
0.693115,0.279842
0.693359,0.728854
0.693604,-1.07352
0.693848,0.55336
0.694092,-2.35573
0.694336,-1.6253
0.69458,-1.60316
0.694824,-2
0.695068,-0.983399
0.695313,-2.66245
0.695557,0.213439
0.695801,-2.69091
0.696045,0.608696
0.696289,0.4917
0.696533,1.92411
0.696777,-0.173913
0.697021,-0.101186
0.697266,0.252964
0.69751,-0.853755
0.697754,1.26008
0.697998,-3.19684
0.698242,-1.3834
0.698486,-1.88459
0.69873,-3.71225
0.698975,-1.49723
0.699219,-4.96443
0.699463,-1.33439
0.699707,-0.0916996
0.699951,-1.34704
0.700195,2.54704
0.700439,-0.806324
0.700684,0.131225
0.700928,-0.812648
0.701172,0.564427
0.701416,1.68696
0.70166,1.5083
0.701904,-0.545454
0.702148,-0.589723
0.702393,-0.180237
0.702637,-2.56285
0.702881,-0.52332
0.703125,-1.93518
0.703369,-1.24743
0.703613,-0.162846
0.703857,-1.66482
0.704102,1.14466
0.704346,1.07036
0.70459,1.67589
0.704834,-0.414229
0.705078,0.714625
0.705322,0.436364
0.705566,-0.0442688
0.705811,-0.528063
0.706055,-1.27747
0.706299,0.683004
0.706543,-2.34625
0.706787,-0.673518
0.707031,-1.09091
0.707275,-0.414229
0.70752,-0.434783
0.707764,-1.3502
0.708008,2.5834
0.708252,-0.589723
0.708496,2.84427
0.70874,2.17866
0.708984,1.15731
0.709229,2.21186
0.709473,0.916996
0.709717,-1.16364
0.709961,-0.0553359
0.710205,-2.18182
0.710449,-1.40395
0.710693,0.0363637
0.710938,-1.70277
0.711182,0.18498
0.711426,-3.17628
0.71167,-2.00632
0.711914,-1.20316
0.712158,0.0695653
0.712402,0.32253
0.712646,0.235573
0.712891,0.921739
0.713135,0.407905
0.713379,-0.407905
0.713623,0.4917
0.713867,0.00632417
0.714111,-0.804743
0.714355,-1.0419
0.7146,-2.4332
0.714844,-0.27668
0.715088,-1.47984
0.715332,-1.46245
0.715576,0.324111
0.71582,-2.06798
0.716064,1.81818
0.716309,-0.896443
0.716553,1.47984
0.716797,-0.697233
0.717041,1.11779
0.717285,-0.300395
0.717529,-0.10751
0.717773,0.831621
0.718018,-3.86561
0.718262,-1.36285
0.718506,-3.08933
0.71875,-2.55494
0.718994,-2.12964
0.719238,-3.13043
0.719482,-0.649802
0.719727,-1.74545
0.719971,-0.548617
0.720215,1.24901
0.720459,-0.387352
0.720703,0.178656
0.720947,0.0758893
0.721191,1.00711
0.721436,-0.173913
0.72168,1.28854
0.721924,-0.84585
0.722168,-0.20079
0.722412,-1.18577
0.722656,-2.17391
0.7229,-0.716205
0.723145,-2.0253
0.723389,-1.18103
0.723633,0.210277
0.723877,-1.07826
0.724121,0.994466
0.724365,0.264032
0.724609,1.34071
0.724854,-0.643478
0.725098,1.26008
0.725342,1.08142
0.725586,-0.178656
0.72583,1.15099
0.726074,-1.67115
0.726318,-0.793676
0.726563,-2.01423
0.726807,-0.727273
0.727051,-1.00079
0.727295,-0.716205
0.727539,-0.393676
0.727783,-1.30435
0.728027,2.21818
0.728271,0.0632411
0.728516,3.60791
0.72876,2.41739
0.729004,0.112253
0.729248,3.36443
0.729492,-1.50198
0.729736,-0.561265
0.72998,-0.232411
0.730225,-1.9083
0.730469,0.0758893
0.730713,-0.888538
0.730957,-0.305138
0.731201,-2.26719
0.731445,-1.09091
0.731689,-2.4664
0.731934,0.610277
0.732178,-0.814229
0.732422,-0.99921
0.732666,1.78972
0.73291,-0.056917
0.733154,0.683004
0.733398,1.25375
0.733643,-1.483
0.733887,-0.0822134
0.734131,-1.86877
0.734375,-1.81976
0.734619,-1.21107
0.734863,-1.8751
0.735107,-0.24664
0.735352,-2.50435
0.735596,-0.439526
0.73584,-0.616601
0.736084,0.0553362
0.736328,0.16917
0.736572,1.42292
0.736816,0.47747
0.737061,-0.727273
0.737305,-0.796838
0.737549,-0.0316206
0.737793,0.951779
0.738037,-2.86166
0.738281,-1.91937
0.738525,-1.79447
0.73877,-4.91225
0.739014,-1.85138
0.739258,-3.04822
0.739502,-0.7083
0.739746,-0.325692
0.73999,-0.407905
0.740234,0.898024
0.740479,-0.420553
0.740723,-0.814229
0.740967,0.689328
0.741211,0.482213
0.741455,-0.327273
0.741699,1.27905
0.741943,-0.972332
0.742188,-0.814229
0.742432,0.524901
0.742676,-2.65613
0.74292,-0.360474
0.743164,-2.81107
0.743408,-0.89328
0.743652,-0.0442689
0.743896,-2.07905
0.744141,2.2419
0.744385,-0.464822
0.744629,1.58577
0.744873,0.850593
0.745117,0.499605
0.745361,1.52727
0.745605,-1.02451
0.74585,1.05771
0.746094,-0.844269
0.746338,-0.306719
0.746582,-1.88775
0.746826,-1.47826
0.74707,-1.40553
0.747314,-0.520158
0.747559,-0.98498
0.747803,-0.346245
0.748047,1.1004
0.748291,0.801581
0.748535,1.72964
0.748779,1.16522
0.749023,2.283
0.749268,1.93992
0.749512,-0.501186
0.749756,-0.271937
0.75,-0.597628
0.750244,-1.80079
0.750488,-0.398419
0.750732,-0.55336
0.750977,-0.651383
0.751221,-1.97312
0.751465,-1.94941
0.751709,-0.493281
0.751953,-1.86245
0.752197,0.158103
0.752441,-1.18419
0.752686,1.1083
0.75293,-0.0237154
0.753174,1.66956
0.753418,-0.142292
0.753662,-1.29802
0.753906,0.763636
0.75415,-2.46956
0.754395,-0.140711
0.754639,-3.49407
0.754883,-1.00711
0.755127,-1.72174
0.755371,-1.03399
0.755615,-0.366798
0.755859,-0.301976
0.756104,-0.137549
0.756348,-0.790514
0.756592,2.06008
0.756836,0.140711
0.75708,0.183399
0.757324,0.0316203
0.757568,0.706719
0.757813,-0.510672
0.758057,-2.58024
0.758301,-1.50672
0.758545,-3.45455
0.758789,-1.62055
0.759033,-3.19526
0.759277,-2.8332
0.759521,-1.05771
0.759766,-0.357312
0.76001,0.297233
0.760254,1.24427
0.760498,-1.32016
0.760742,0.708301
0.760986,0.104348
0.76123,1.05929
0.761475,0.233992
0.761719,0.570751
0.761963,-0.898024
0.762207,0.10751
0.762451,0.0790516
0.762695,-2.36206
0.762939,-1.16996
0.763184,-1.76917
0.763428,-0.831621
0.763672,0.211858
0.763916,-1.54941
0.76416,1.48458
0.764404,-0.673518
0.764648,2.8996
0.764893,-0.336759
0.765137,2.25613
0.765381,0.110672
0.765625,-1.01818
0.765869,0.548617
0.766113,-2.33518
0.766357,0.112253
0.766602,-1.62372
0.766846,-0.95336
0.76709,-2.21344
0.767334,0.202372
0.767578,-0.205534
0.767822,-1.11146
0.768066,1.98103
0.768311,1.07984
0.768555,1.89249
0.768799,1.26957
0.769043,2.13439
0.769287,1.53043
0.769531,0.109091
0.769775,-0.668774
0.77002,-0.283004
0.770264,-2.49802
0.770508,-0.192885
0.770752,-1.01186
0.770996,-1.01028
0.77124,-1.59842
0.771484,-1.82925
0.771729,-0.46166
0.771973,-1.41186
0.772217,-0.283004
0.772461,-0.746245
0.772705,0.363636
0.772949,0.849012
0.773193,1.06877
0.773438,0.545455
0.773682,-1.24111
0.773926,0.267194
0.77417,-2.42213
0.774414,0.436364
0.774658,-3.31067
0.774902,-0.135968
0.775146,-2.20711
0.775391,-2.48063
0.775635,0.58498
0.775879,-2.53281
0.776123,1.64111
0.776367,-0.675099
0.776611,1.51779
0.776855,0.167589
0.7771,0.135968
0.777344,0.841107
0.777588,-1.32806
0.777832,1.17787
0.778076,-4.19763
0.77832,-0.294071
0.778564,-2.69091
0.778809,-2.43794
0.779053,-2.26245
0.779297,-3.84348
0.779541,-0.711462
0.779785,0.0458498
0.780029,0.347826
0.780273,0.161265
0.780518,0.262451
0.780762,0.164427
0.781006,0.521739
0.78125,1.21265
0.781494,0.741502
0.781738,-0.341502
0.781982,-1.07984
0.782227,0.172332
0.782471,0.0426877
0.782715,-1.09407
0.782959,-2.06324
0.783203,-1.6917
0.783447,-1.49723
0.783691,0.515415
0.783936,-0.837945
0.78418,1.86087
0.784424,-0.883795
0.784668,2.3668
0.784912,-0.713044
0.785156,0.596048
0.7854,1.98103
0.785645,-1.38024
0.785889,1.5336
0.786133,-3.24269
0.786377,1.59526
0.786621,-3.36917
0.786865,-0.41581
0.787109,-1.46719
0.787354,-1.00553
0.787598,0.371542
0.787842,-2.78735
0.788086,3.48617
0.78833,-1.15415
0.788574,2.18182
0.788818,2.59447
0.789063,1.04348
0.789307,3.39289
0.789551,-2.20395
0.789795,0.970751
0.790039,-2.41265
0.790283,-1.15573
0.790527,-0.683004
0.790771,-0.807905
0.791016,-1.17945
0.79126,-3.53202
0.791504,-1.41344
0.791748,-2.7083
0.791992,1.22688
0.792236,-1.26798
0.79248,-0.603952
0.792725,1.28221
0.792969,-0.281423
0.793213,1.68696
0.793457,0.588142
0.793701,-0.0347826
0.793945,-0.543873
0.794189,-1.85138
0.794434,-1.48458
0.794678,-1.73281
0.794922,-1.15889
0.795166,-0.746245
0.79541,-2.24032
0.795654,0.806324
0.795898,-1.59368
0.796143,0.0347825
0.796387,0.140712
0.796631,-0.0110673
0.796875,-0.0695652
0.797119,0.327273
0.797363,-0.385771
0.797607,-0.241897
0.797852,0.275099
0.798096,-3.02767
0.79834,-1.52411
0.798584,-3.58893
0.798828,-0.989723
0.799072,-2.61186
0.799316,-3.91462
0.799561,0.0252964
0.799805,-1.43874
0.800049,1.30435
0.800293,-0.0237154
0.800537,-0.4
0.800781,0.170751
0.801025,-0.238735
0.80127,1.90988
0.801514,0.554941
0.801758,1.37075
0.802002,-2.84585
0.802246,1.89565
0.80249,-1.78182
0.802734,-0.518577
0.802979,-0.883794
0.803223,-2.14071
0.803467,-1.14624
0.803711,0.0237153
0.803955,-0.275099
0.804199,0.159684
0.804443,0.562846
0.804688,0.796838
0.804932,0.0158103
0.805176,1.15257
0.80542,0.362055
0.805664,-1.19684
0.805908,0.493281
0.806152,-2.29091
0.806396,0.0426878
0.806641,-1.32806
0.806885,-1.22055
0.807129,0.0932806
0.807373,-1.8419
0.807617,0.0268775
0.807861,-1.89881
0.808105,3.00553
0.80835,0.387352
0.808594,1.50198
0.808838,1.82451
0.809082,0.747826
0.809326,3.13834
0.80957,-0.812648
0.809814,-0.240316
0.810059,-1.26957
0.810303,-1.04822
0.810547,-0.765217
0.810791,-0.350988
0.811035,-1.53043
0.811279,-1.9336
0.811523,-1.06719
0.811768,-2.31779
0.812012,0.771541
0.812256,-1.29328
0.8125,0.0790514
0.812744,-0.257708
0.812988,-0.240316
0.813232,1.19684
0.813477,-1.49249
0.813721,0.418972
0.813965,-1.94308
0.814209,-1.19842
0.814453,-2.52174
0.814697,-1.21265
0.814941,-2.08538
0.815186,-2.04269
0.81543,-1.63162
0.815674,-1.82767
0.815918,-0.330435
0.816162,0.46166
0.816406,0.486956
0.81665,0.314624
0.816895,-0.281423
0.817139,0.657708
0.817383,1.13043
0.817627,-0.183399
0.817871,0.46166
0.818115,-3.61581
0.818359,-2.04111
0.818604,-2.39209
0.818848,-2.69249
0.819092,-1.717
0.819336,-3.54783
0.81958,-0.232411
0.819824,-1.54941
0.820068,0.36996
0.820313,-0.0411067
0.820557,-0.055336
0.820801,-0.947036
0.821045,0.320949
0.821289,2.07589
0.821533,-0.444269
0.821777,2.14071
0.822021,-1.66482
0.822266,0.387352
0.82251,-1.45929
0.822754,-1.51621
0.822998,-0.695652
0.823242,-2.37628
0.823486,-0.841107
0.82373,-0.871146
0.823975,0.502767
0.824219,-0.287747
0.824463,2.52332
0.824707,0.306719
0.824951,0.698814
0.825195,1.7834
0.825439,-0.0300395
0.825684,0.837945
0.825928,-1.29644
0.826172,-0.616601
0.826416,-1.98103
0.82666,-1.65059
0.826904,-0.833202
0.827148,-1.55257
0.827393,0.147036
0.827637,-2.42213
0.827881,0.0300395
0.828125,1.56522
0.828369,-0.414229
0.828613,2.51383
0.828857,0.632411
0.829102,0.66087
0.829346,1.95889
0.82959,-0.733597
0.829834,-0.537549
0.830078,-1.96522
0.830322,-2.14704
0.830566,0.0885377
0.830811,-2.4253
0.831055,-0.0774704
0.831299,-3.94941
0.831543,-0.905929
0.831787,-2.2419
0.832031,0.265613
0.832275,-0.915415
0.83252,-0.135968
0.832764,1.61265
0.833008,-1.48458
0.833252,2.43162
0.833496,-1.99526
0.83374,1.01344
0.833984,-1.11146
0.834229,-1.52885
0.834473,-0.915415
0.834717,-3.17628
0.834961,0.50751
0.835205,-3.72174
0.835449,0.221344
0.835693,-1.71383
0.835938,-0.264032
0.836182,0.501186
0.836426,0.162846
0.83667,1.56047
0.836914,-0.920158
0.837158,1.24269
0.837402,-1.85296
0.837646,0.898024
0.837891,0.72253
0.838135,-2.89328
0.838379,0.35415
0.838623,-3.483
0.838867,-1.16364
0.839111,-2.91541
0.839355,-3.36285
0.8396,0.948617
0.839844,-1.84664
0.840088,1.1336
0.840332,-0.436364
0.840576,0.592885
0.84082,0.69249
0.841064,-0.24664
0.841309,2.65138
0.841553,-0.603953
0.841797,2.04111
0.842041,-2.41107
0.842285,0.483794
0.842529,-0.664032
0.842773,-1.67905
0.843018,-0.928063
0.843262,-3.1415
0.843506,-0.842688
0.84375,-1.30909
0.843994,-0.619763
0.844238,1.93992
0.844482,0.0205534
0.844727,1.21897
0.844971,-0.820553
0.845215,2.18498
0.845459,-0.701976
0.845703,0.747826
0.845947,-0.550198
0.846191,-1.11779
0.846436,-1.64427
0.84668,-2.00632
0.846924,-0.656126
0.847168,-2.20553
0.847412,0.422134
0.847656,-1.62846
0.8479,-0.0774703
0.848145,2.43636
0.848389,-1.30435
0.848633,4.30198
0.848877,0.640316
0.849121,1.89091
0.849365,1.77708
0.849609,-0.167589
0.849854,-0.449012
0.850098,0.137549
0.850342,-1.6332
0.850586,0.547036
0.85083,-2.14862
0.851074,0.460079
0.851318,-2.9913
0.851563,-1.13992
0.851807,-1.1415
0.852051,0.801581
0.852295,-0.915415
0.852539,-0.147036
0.852783,1.98261
0.853027,0.0300396
0.853271,0.849012
0.853516,0.548617
0.85376,-0.589723
0.854004,0.932806
0.854248,-2.73202
0.854492,-0.879051
0.854736,-2.25771
0.85498,-0.512253
0.855225,-1.93518
0.855469,-0.0616602
0.855713,-1.37708
0.855957,-0.284585
0.856201,0.175494
0.856445,-0.732016
0.856689,1.44506
0.856934,-0.0158103
0.857178,0.766798
0.857422,-0.259289
0.857666,0.294071
0.85791,-0.0901187
0.858154,-3.3502
0.858398,-0.942292
0.858643,-3.85454
0.858887,-1.88617
0.859131,-3.45296
0.859375,-3.11146
0.859619,-0.379447
0.859863,-0.798419
0.860107,0.273518
0.860352,1.07352
0.860596,-0.992885
0.86084,0.406324
0.861084,-0.248221
0.861328,1.56522
0.861572,0.213438
0.861816,1.33755
0.862061,-2.24506
0.862305,0.537549
0.862549,-1.59209
0.862793,-1.69012
0.863037,-0.319368
0.863281,-2.54229
0.863525,0.562846
0.86377,-1.39605
0.864014,-1.02292
0.864258,1.64585
0.864502,-0.113834
0.864746,2.58498
0.86499,-0.954941
0.865234,2.70988
0.865479,-1.46561
0.865723,0.629249
0.865967,-1.4087
0.866211,-1.67273
0.866455,-0.480632
0.866699,-2.19447
0.866943,-0.41581
0.867188,-1.73281
0.867432,0.404743
0.867676,-1.21581
0.86792,-0.295652
0.868164,1.8087
0.868408,-0.841107
0.868652,3.16047
0.868896,0.0237154
0.869141,2.85375
0.869385,1.42292
0.869629,-0.056917
0.869873,-0.0142292
0.870117,-1.21897
0.870361,-0.735178
0.870605,-0.703557
0.87085,-0.194466
0.871094,-1.04506
0.871338,-2.19921
0.871582,-1.86719
0.871826,-2.13281
0.87207,0.469565
0.872314,-1.56364
0.872559,0.178656
0.872803,1.46561
0.873047,-0.662451
0.873291,1.74071
0.873535,-0.327273
0.873779,0.058498
0.874023,-1.57945
0.874268,0.287747
0.874512,-2.13755
0.874756,-1.41818
0.875,-0.164427
0.875244,-3.32174
0.875488,-0.60079
0.875732,-1.7581
0.875977,0.392095
0.876221,-0.526482
0.876465,0.313043
0.876709,0.474308
0.876953,0.485375
0.877197,0.233992
0.877441,-1.77233
0.877686,1.33281
0.87793,-1.2332
0.878174,-2.95494
0.878418,-1.63636
0.878662,-4.15336
0.878906,-1.20632
0.87915,-3.717
0.879395,-1.94466
0.879639,-1.02609
0.879883,0.232411
0.880127,0.172332
0.880371,0.652964
0.880615,-0.733597
0.880859,-0.129644
0.881104,1.8419
0.881348,-0.0885376
0.881592,2.03004
0.881836,-0.172332
0.88208,-1.19526
0.882324,0.521739
0.882568,-0.327273
0.882813,-1.81818
0.883057,-1.3502
0.883301,-1.94941
0.883545,-0.309882
0.883789,-0.929644
0.884033,-0.0316205
0.884277,1.14466
0.884521,0.453755
0.884766,1.62688
0.88501,-0.0142292
0.885254,2.44743
0.885498,-0.211858
0.885742,-0.0379446
0.885986,-0.516996
0.88623,-1.48617
0.886475,-0.251383
0.886719,-1.23004
0.886963,-1.09091
0.887207,-1.32964
0.887451,-0.858498
0.887695,-0.972332
0.887939,-0.379447
0.888184,2.58656
0.888428,-0.648221
0.888672,3.13834
0.888916,0.219763
0.88916,2.27668
0.889404,1.63794
0.889648,-0.871146
0.889893,-0.203953
0.890137,-1.47352
0.890381,-2.37628
0.890625,-0.76838
0.890869,-0.996047
0.891113,-1.72016
0.891357,-1.82767
0.891602,-2.21028
0.891846,-1.35968
0.89209,-0.381028
0.892334,-1.45296
0.892578,0.93913
0.892822,0.471146
0.893066,0.50751
0.893311,0.855336
0.893555,-0.793676
0.893799,-0.798419
0.894043,-1.1747
0.894287,-1.7502
0.894531,-1.68538
0.894775,-1.85771
0.89502,-1.15731
0.895264,-2.19921
0.895508,-1.07352
0.895752,-0.966008
0.895996,0.0189723
0.89624,0.317787
0.896484,0.539131
0.896729,0.809486
0.896973,-0.498024
0.897217,1.58103
0.897461,-0.999209
0.897705,1.43715
0.897949,-1.1747
0.898193,-3.21739
0.898438,0.290909
0.898682,-3.87194
0.898926,-0.935968
0.89917,-2.75731
0.899414,-3.01344
0.899658,-0.109091
0.899902,-0.306719
0.900146,0.841107
0.900391,0.566008
0.900635,-0.983399
0.900879,0.807905
0.901123,0.343083
0.901367,1.99842
0.901611,0.975494
0.901855,-0.0221344
0.9021,-1.42451
0.902344,0.303557
0.902588,-1.20474
0.902832,-1.43083
0.903076,-0.932806
0.90332,-1.48933
0.903564,0.26087
0.903809,-0.352569
0.904053,-0.328854
0.904297,1.16364
0.904541,0.224506
0.904785,0.320949
0.905029,0.398419
0.905273,0.964427
0.905518,0.376285
0.905762,0.469565
0.906006,-1.3834
0.90625,-1.02451
0.906494,-1.18735
0.906738,-1.24901
0.906982,-1.03715
0.907227,-1.49249
0.907471,-0.0395258
0.907715,-2.39526
0.907959,0.958103
0.908203,1.22846
0.908447,0.643478
0.908691,2.20553
0.908936,-0.363636
0.90918,2.94704
0.909424,1.07352
0.909668,-0.306719
0.909912,-0.352569
0.910156,-1.94466
0.9104,-0.654545
0.910645,-0.719368
0.910889,-0.793676
0.911133,-1.40711
0.911377,-2.44427
0.911621,-1.81186
0.911865,-0.833202
0.912109,0.35415
0.912354,-1.12411
0.912598,0.442688
0.912842,1.05296
0.913086,0.485375
0.91333,1.4498
0.913574,-0.256126
0.913818,0.0869565
0.914063,-0.0774704
0.914307,-1.64743
0.914551,-1.04664
0.914795,-1.68854
0.915039,-0.488537
0.915283,-2.84901
0.915527,0.724111
0.915771,-1.19368
0.916016,1.09091
0.91626,0.147036
0.916504,0.931225
0.916748,1.31542
0.916992,-0.814229
0.917236,1.90356
0.91748,-1.82134
0.917725,1.13043
0.917969,-1.38972
0.918213,-2.59605
0.918457,-0.624506
0.918701,-4.40158
0.918945,-0.776285
0.919189,-4.00632
0.919434,-1.68538
0.919678,-0.920158
0.919922,-0.716206
0.920166,1.08617
0.92041,0.0237153
0.920654,0.627668
0.920898,-0.830039
0.921143,0.290909
0.921387,1.36443
0.921631,0.390514
0.921875,0.121739
0.922119,-2.1581
0.922363,1.35494
0.922607,-2.09644
0.922852,-1.02134
0.923096,-1.02767
0.92334,-2.13597
0.923584,0.64664
0.923828,-2.34941
0.924072,1.18419
0.924316,-0.509091
0.924561,0.916996
0.924805,1.23478
0.925049,-0.559684
0.925293,1.53676
0.925537,-0.638735
0.925781,-0.0869565
0.926025,-1.06719
0.92627,-1.21423
0.926514,-1.19526
0.926758,-2.83794
0.927002,0.281423
0.927246,-2.00632
0.92749,0.657707
0.927734,-2.14862
0.927979,0.605534
0.928223,2.09328
0.928467,0.218182
0.928711,2.39051
0.928955,0.853755
0.929199,2.35415
0.929443,0.809486
0.929688,-0.278261
0.929932,-0.0932807
0.930176,-1.06245
0.93042,-1.38656
0.930664,0.388933
0.930908,-1.44032
0.931152,-1.63478
0.931396,-2.54704
0.931641,-1.6996
0.931885,-1.50356
0.932129,0.498024
0.932373,-1.30593
0.932617,0.363637
0.932861,0.450593
0.933105,0.543874
0.93335,1.23478
0.933594,-0.700395
0.933838,0.531225
0.934082,-0.943874
0.934326,-1.92885
0.93457,-1.10198
0.934814,-1.82767
0.935059,-0.804743
0.935303,-1.73597
0.935547,-0.84585
0.935791,-1.07984
0.936035,-1.21897
0.936279,0.803162
0.936523,0.0158102
0.936768,0.453755
0.937012,0.792095
0.937256,0.426877
0.9375,-0.53913
0.937744,0.362055
0.937988,-1.34229
0.938232,-1.32174
0.938477,-2.28933
0.938721,-3.05455
0.938965,-1.80711
0.939209,-3.60632
0.939453,-2.23083
0.939697,-0.0379446
0.939941,-1.10988
0.940186,1.07668
0.94043,0.0268776
0.940674,0.128063
0.940918,0.216601
0.941162,0.453755
0.941406,1.20632
0.94165,1.49881
0.941895,-0.12332
0.942139,-1.02925
0.942383,0.671937
0.942627,-2.3336
0.942871,-1.19684
0.943115,-1.95731
0.943359,-1.85455
0.943604,-0.256126
0.943848,-0.942293
0.944092,1.02134
0.944336,0.469565
0.94458,0.684585
0.944824,0.534387
0.945068,1.02609
0.945313,1.05296
0.945557,-0.0158103
0.945801,0.466403
0.946045,-0.867984
0.946289,0.327273
0.946533,-1.76285
0.946777,-1.09091
0.947021,-1.01344
0.947266,-0.732016
0.94751,-0.823716
0.947754,-0.95336
0.947998,0.657708
0.948242,1.52569
0.948486,1.30909
0.94873,1.77233
0.948975,1.38656
0.949219,1.67589
0.949463,0.795257
0.949707,0.29249
0.949951,0.0205534
0.950195,-1.883
0.950439,-0.84585
0.950684,-0.556522
0.950928,-1.23794
0.951172,-1.33913
0.951416,-1.7834
0.95166,-1.79605
0.951904,-1.61739
0.952148,-0.0553361
0.952393,-1.58419
0.952637,0.211858
0.952881,0.483795
0.953125,0.471146
0.953369,1.45296
0.953613,-0.349407
0.953857,-0.058498
0.954102,-0.749407
0.954346,-1.91304
0.95459,-2.09328
0.954834,-1.67747
0.955078,-2.22609
0.955322,-2.12648
0.955566,-0.485375
0.955811,-0.863241
0.956055,0.385771
0.956299,-0.542292
0.956543,0.635573
0.956787,-0.4917
0.957031,0.566008
0.957275,0.841107
0.95752,-1.10198
0.957764,0.460079
0.958008,-1.69328
0.958252,-2.0585
0.958496,-1.00395
0.95874,-3.49723
0.958984,-2.36838
0.959229,-3.47826
0.959473,-2.38261
0.959717,-0.341502
0.959961,-0.781028
0.960205,-0.524901
0.960449,0.640316
0.960693,-0.841107
0.960938,1.56838
0.961182,0.298814
0.961426,1.65375
0.96167,0.649802
0.961914,-0.150198
0.962158,-0.0316205
0.962402,0.504348
0.962646,-1.49407
0.962891,-1.13834
0.963135,-1.90198
0.963379,-2.30988
0.963623,-0.382609
0.963867,-0.13913
0.964111,0.36838
0.964355,0.572332
0.9646,1.61897
0.964844,0.627668
0.965088,0.711462
0.965332,1.17154
0.965576,-0.058498
0.96582,0.977075
0.966064,-1.67747
0.966309,-0.583399
0.966553,-1.71067
0.966797,-1.47352
0.967041,-0.820553
0.967285,-0.749407
0.967529,0.621344
0.967773,-2.08538
0.968018,1.12569
0.968262,0.298814
0.968506,0.901185
0.96875,3.05296
0.968994,0.687747
0.969238,3.11146
0.969482,0.06166
0.969727,0.170751
0.969971,-0.87747
0.970215,-0.4917
0.970459,-1.35336
0.970703,-0.441107
0.970947,-1.19368
0.971191,-1.67115
0.971436,-1.75652
0.97168,-2.78103
0.971924,-0.189723
0.972168,-0.447431
0.972412,-1.80395
0.972656,0.901186
0.9729,-0.0600791
0.973145,0.989723
0.973389,1.56996
0.973633,-0.529644
0.973877,0.558103
0.974121,-1.72964
0.974365,-0.975494
0.974609,-1.71858
0.974854,-1.40079
0.975098,-1.93043
0.975342,-2.29407
0.975586,-0.896443
0.97583,-0.910672
0.976074,0.167589
0.976318,-0.4917
0.976563,1.13992
0.976807,0.455336
0.977051,-0.226087
0.977295,1.54941
0.977539,-1.62846
0.977783,1.09565
0.978027,-2.3336
0.978271,-1.83874
0.978516,-1.43557
0.97876,-2.64348
0.979004,-2.86324
0.979248,-2.83478
0.979492,-1.76443
0.979736,-1.06561
0.97998,-0.328854
0.980225,0.686166
0.980469,-0.314624
0.980713,-0.156522
0.980957,0.058498
0.981201,1.33123
0.981445,0.904348
0.981689,1.27747
0.981934,-0.300395
0.982178,-0.983399
0.982422,-0.134387
0.982666,-1.12727
0.98291,-1.73439
0.983154,-1.04822
0.983398,-3.10988
0.983643,0.456917
0.983887,-0.959684
0.984131,-0.55336
0.984375,1.60632
0.984619,0.00948623
0.984863,0.773122
0.985107,0.98498
0.985352,1.12253
0.985596,-0.516996
0.98584,-0.140712
0.986084,-0.847431
0.986328,-0.38419
0.986572,-1.66798
0.986816,-1.26166
0.987061,-0.818972
0.987305,-2.48854
0.987549,-0.00474311
0.987793,-1.56047
0.988037,2.25771
0.988281,0.186561
0.988525,1.13202
0.98877,1.75336
0.989014,0.867984
0.989258,3.01976
0.989502,0.336759
0.989746,1.05771
0.98999,-1.50198
0.990234,-0.407905
0.990479,-0.605534
0.990723,-0.586561
0.990967,-0.0158103
0.991211,-2.22292
0.991455,-1.42134
0.991699,-2.0332
0.991943,-1.35494
0.992188,0.980237
0.992432,-1.67589
0.992676,0.575494
0.99292,0.905929
0.993164,-0.314625
0.993408,1.65534
0.993652,-1.76285
0.993896,1.0087
0.994141,-1.7834
0.994385,-0.526482
0.994629,-1.97787
0.994873,-1.40395
0.995117,-0.966008
0.995361,-2.76838
0.995605,0.237154
0.99585,-1.30909
0.996094,1.25217
0.996338,-0.177075
0.996582,0.27668
0.996826,0.665613
0.99707,0.316206
0.997314,1.2253
0.997559,-1.81976
0.997803,1.85138
0.998047,-2.88538
0.998291,-1.60474
0.998535,-1.30119
0.998779,-3.75652
0.999023,-1.40079
0.999268,-4.93597
0.999512,-0.396838
0.999756,-1.77866
