-2048,0.046364
-2047,0.139784
-2046,0.166593
-2045,0.0893587
-2044,0.0470001
-2043,0.0680671
-2042,0.0199972
-2041,0.0237143
-2040,0.00975862
-2039,0.0764216
-2038,0.0563695
-2037,0.0733437
-2036,0.0452461
-2035,0.0292773
-2034,0.0251767
-2033,0.0199872
-2032,0.0338115
-2031,0.0610896
-2030,0.0274225
-2029,0.0430893
-2028,0.0319613
-2027,0.0549028
-2026,0.0239584
-2025,0.0271579
-2024,0.0181706
-2023,0.0423832
-2022,0.0400173
-2021,0.00849173
-2020,0.0555022
-2019,0.0172288
-2018,0.0526382
-2017,0.0300438
-2016,0.0562481
-2015,0.0495093
-2014,0.0156702
-2013,0.00855234
-2012,0.0194431
-2011,0.0238081
-2010,0.0274908
-2009,0.0198072
-2008,0.0854628
-2007,0.0522329
-2006,0.0591153
-2005,0.0420128
-2004,0.0408288
-2003,0.0506843
-2002,0.0332321
-2001,0.00295327
-2000,0.0368817
-1999,0.0994017
-1998,0.0119004
-1997,0.0569992
-1996,0.0600486
-1995,0.0426918
-1994,0.0278798
-1993,0.00999064
-1992,0.0236397
-1991,0.0487599
-1990,0.0360806
-1989,0.0437967
-1988,0.0266183
-1987,0.0348253
-1986,0.0443226
-1985,0.0331005
-1984,0.00886658
-1983,0.0345126
-1982,0.0542172
-1981,0.0388667
-1980,0.0158878
-1979,0.0088429
-1978,0.0425235
-1977,0.0531251
-1976,0.0349039
-1975,0.0487286
-1974,0.0321938
-1973,0.0708651
-1972,0.0196826
-1971,0.0267836
-1970,0.0344612
-1969,0.00958475
-1968,0.0170622
-1967,0.0433793
-1966,0.0124481
-1965,0.0415002
-1964,0.0430129
-1963,0.0509649
-1962,0.0228063
-1961,0.0272862
-1960,0.0196247
-1959,0.0225785
-1958,0.0605632
-1957,0.0205249
-1956,0.0215368
-1955,0.0306409
-1954,0.0450356
-1953,0.0387829
-1952,0.0463104
-1951,0.0455768
-1950,0.0403793
-1949,0.052466
-1948,0.0459979
-1947,0.146283
-1946,0.0557858
-1945,0.00968605
-1944,0.0146677
-1943,0.00978947
-1942,0.0826346
-1941,0.0145145
-1940,0.0477986
-1939,0.0432978
-1938,0.0480271
-1937,0.0658275
-1936,0.025913
-1935,0.0506843
-1934,0.0243148
-1933,0.0375328
-1932,0.0697869
-1931,0.0502446
-1930,0.0236511
-1929,0.0368818
-1928,0.0209893
-1927,0.0175591
-1926,0.0224111
-1925,0.031924
-1924,0.0264716
-1923,0.0215485
-1922,0.0317259
-1921,0.0512112
-1920,0.025706
-1919,0.0251134
-1918,0.0422729
-1917,0.0320686
-1916,0.0511085
-1915,0.0228856
-1914,0.0122932
-1913,0.0563383
-1912,0.0595716
-1911,0.0466679
-1910,0.038875
-1909,0.0147899
-1908,0.0451659
-1907,0.043339
-1906,0.0214839
-1905,0.0132095
-1904,0.0783041
-1903,0.0823162
-1902,0.0320986
-1901,0.0278548
-1900,0.0637597
-1899,0.0883576
-1898,0.0894859
-1897,0.0595802
-1896,0.0231959
-1895,0.0536127
-1894,0.061496
-1893,0.102132
-1892,0.0322647
-1891,0.0140896
-1890,0.0559669
-1889,0.114495
-1888,0.103288
-1887,0.0715808
-1886,0.0323311
-1885,0.0554206
-1884,0.0436972
-1883,0.0579754
-1882,0.0349431
-1881,0.0880727
-1880,0.0268766
-1879,0.0801186
-1878,0.0610963
-1877,0.033715
-1876,0.0848387
-1875,0.0822881
-1874,0.129358
-1873,0.0558899
-1872,0.0644487
-1871,0.169288
-1870,0.0839885
-1869,0.0998071
-1868,0.103714
-1867,0.138149
-1866,0.0589407
-1865,0.139189
-1864,0.120894
-1863,0.0877607
-1862,0.102741
-1861,0.0878611
-1860,0.128453
-1859,0.12115
-1858,0.150532
-1857,0.184623
-1856,0.202765
-1855,0.196193
-1854,0.215949
-1853,0.214793
-1852,0.278998
-1851,0.32404
-1850,0.282445
-1849,0.325035
-1848,0.612701
-1847,1.23001
-1846,1.50307
-1845,0.511999
-1844,0.448501
-1843,0.627404
-1842,0.921733
-1841,2.10812
-1840,3.52239
-1839,1.65916
-1838,0.828247
-1837,0.538462
-1836,0.479469
-1835,0.892049
-1834,2.22775
-1833,1.23831
-1832,0.762709
-1831,0.496111
-1830,0.456088
-1829,0.363465
-1828,0.312731
-1827,0.290794
-1826,0.322044
-1825,0.227907
-1824,0.279663
-1823,0.251586
-1822,0.232482
-1821,0.15767
-1820,0.170383
-1819,0.178069
-1818,0.208098
-1817,0.267751
-1816,0.136664
-1815,0.124698
-1814,0.209895
-1813,0.16429
-1812,0.145303
-1811,0.185032
-1810,0.0436949
-1809,0.142799
-1808,0.153971
-1807,0.16014
-1806,0.145208
-1805,0.112576
-1804,0.146888
-1803,0.0753377
-1802,0.1013
-1801,0.12336
-1800,0.201423
-1799,0.0393907
-1798,0.126082
-1797,0.112392
-1796,0.109963
-1795,0.137287
-1794,0.144493
-1793,0.117568
-1792,0.0723403
-1791,0.137685
-1790,0.194647
-1789,0.12554
-1788,0.158292
-1787,0.158657
-1786,0.137632
-1785,0.117393
-1784,0.0765897
-1783,0.178661
-1782,0.1233
-1781,0.19753
-1780,0.148324
-1779,0.152684
-1778,0.0906584
-1777,0.0593863
-1776,0.122079
-1775,0.161938
-1774,0.120024
-1773,0.121518
-1772,0.0483445
-1771,0.0637807
-1770,0.173273
-1769,0.0829431
-1768,0.0900533
-1767,0.158562
-1766,0.122499
-1765,0.123561
-1764,0.191238
-1763,0.148864
-1762,0.10178
-1761,0.134875
-1760,0.160998
-1759,0.0788848
-1758,0.170886
-1757,0.179811
-1756,0.196712
-1755,0.129899
-1754,0.171017
-1753,0.209057
-1752,0.175744
-1751,0.39602
-1750,1.57389
-1749,0.640362
-1748,0.154621
-1747,0.0963581
-1746,0.218585
-1745,0.191342
-1744,0.169894
-1743,0.19642
-1742,0.163952
-1741,0.0780701
-1740,0.309629
-1739,0.26108
-1738,0.658894
-1737,0.584279
-1736,0.620084
-1735,0.332793
-1734,0.27912
-1733,0.343097
-1732,0.637278
-1731,0.880631
-1730,0.940333
-1729,0.544338
-1728,0.213959
-1727,0.278425
-1726,0.325956
-1725,0.788589
-1724,0.719668
-1723,0.428368
-1722,0.318846
-1721,0.138096
-1720,0.233474
-1719,0.0810931
-1718,0.116215
-1717,0.187678
-1716,0.194001
-1715,0.169145
-1714,0.164363
-1713,0.118245
-1712,0.0130802
-1711,0.0753505
-1710,0.135119
-1709,0.138596
-1708,0.125874
-1707,0.0801307
-1706,0.0923967
-1705,0.102494
-1704,0.213359
-1703,0.0859695
-1702,0.131146
-1701,0.283485
-1700,0.209346
-1699,0.144089
-1698,0.0431887
-1697,0.106384
-1696,0.090793
-1695,0.141049
-1694,0.0328383
-1693,0.152897
-1692,0.116035
-1691,0.0391562
-1690,0.125325
-1689,0.114002
-1688,0.0368846
-1687,0.151549
-1686,0.0528172
-1685,0.109582
-1684,0.0814423
-1683,0.0450164
-1682,0.0447822
-1681,0.0636776
-1680,0.0938015
-1679,0.0822754
-1678,0.0475206
-1677,0.0706038
-1676,0.126869
-1675,0.065588
-1674,0.0893534
-1673,0.0154927
-1672,0.140114
-1671,0.050668
-1670,0.120624
-1669,0.075061
-1668,0.0230843
-1667,0.0596659
-1666,0.157992
-1665,0.0413705
-1664,0.103655
-1663,0.101505
-1662,0.0564138
-1661,0.0551302
-1660,0.0485581
-1659,0.0283454
-1658,0.107136
-1657,0.0741783
-1656,0.0688643
-1655,0.0947883
-1654,0.0367557
-1653,0.0196886
-1652,0.0124968
-1651,0.0717864
-1650,0.0923634
-1649,0.172752
-1648,0.0466676
-1647,0.00774663
-1646,0.135955
-1645,0.0855288
-1644,0.0362734
-1643,0.0741375
-1642,0.0176573
-1641,0.0535172
-1640,0.0693433
-1639,0.0328024
-1638,0.0465614
-1637,0.0613278
-1636,0.12641
-1635,0.0798079
-1634,0.0321497
-1633,0.0647412
-1632,0.0447156
-1631,0.027564
-1630,0.0311156
-1629,0.0596336
-1628,0.0184509
-1627,0.0385118
-1626,0.0626856
-1625,0.107533
-1624,0.0179636
-1623,0.0782426
-1622,0.0945051
-1621,0.0758325
-1620,0.0387729
-1619,0.0794709
-1618,0.0801473
-1617,0.0695254
-1616,0.0268806
-1615,0.08856
-1614,0.029293
-1613,0.0621514
-1612,0.0485869
-1611,0.00727231
-1610,0.0284559
-1609,0.0316587
-1608,0.0664257
-1607,0.0586465
-1606,0.0904172
-1605,0.0103588
-1604,0.0420023
-1603,0.0341995
-1602,0.0611767
-1601,0.0330292
-1600,0.0577848
-1599,0.0554336
-1598,0.0724635
-1597,0.0329737
-1596,0.0583875
-1595,0.0283769
-1594,0.0204443
-1593,0.0486138
-1592,0.0127963
-1591,0.0639294
-1590,0.066941
-1589,0.0410952
-1588,0.1
-1587,0.0436583
-1586,0.035596
-1585,0.0438701
-1584,0.0777206
-1583,0.0785995
-1582,0.0432578
-1581,0.0292688
-1580,0.0874112
-1579,0.0825467
-1578,0.0612244
-1577,0.0334496
-1576,0.0394424
-1575,0.0409921
-1574,0.0724785
-1573,0.112067
-1572,0.0789116
-1571,0.0446991
-1570,0.0764613
-1569,0.0506717
-1568,0.060934
-1567,0.0692556
-1566,0.00377031
-1565,0.0780761
-1564,0.0419462
-1563,0.0678213
-1562,0.0496145
-1561,0.0342678
-1560,0.0385439
-1559,0.0194489
-1558,0.0176404
-1557,0.0745827
-1556,0.0179129
-1555,0.0407175
-1554,0.0162734
-1553,0.0165845
-1552,0.0469218
-1551,0.0585099
-1550,0.350704
-1549,0.31844
-1548,0.114742
-1547,0.0563855
-1546,0.057702
-1545,0.0880705
-1544,0.034789
-1543,0.0696437
-1542,0.0807811
-1541,0.00583571
-1540,0.0217941
-1539,0.0113326
-1538,0.0917059
-1537,0.0325895
-1536,0.033504
-1535,0.0866862
-1534,0.0195846
-1533,0.0313907
-1532,0.0572124
-1531,0.0316173
-1530,0.0361224
-1529,0.04392
-1528,0.0301375
-1527,0.0239973
-1526,0.0201549
-1525,0.0404565
-1524,0.0773693
-1523,0.0783165
-1522,0.0100413
-1521,0.0261171
-1520,0.036337
-1519,0.0317368
-1518,0.0171709
-1517,0.0184792
-1516,0.0497617
-1515,0.0207095
-1514,0.0322986
-1513,0.0216392
-1512,0.0535013
-1511,0.0245856
-1510,0.0179259
-1509,0.0316001
-1508,0.0474857
-1507,0.0032526
-1506,0.00686462
-1505,0.0328871
-1504,0.0276393
-1503,0.0260721
-1502,0.043794
-1501,0.00601791
-1500,0.058049
-1499,0.0501771
-1498,0.0306957
-1497,0.0154018
-1496,0.0623858
-1495,0.0119746
-1494,0.00669183
-1493,0.0405251
-1492,0.0427382
-1491,0.0341952
-1490,0.0489109
-1489,0.031758
-1488,0.0346847
-1487,0.043241
-1486,0.0341229
-1485,0.0338203
-1484,0.0117041
-1483,0.0622843
-1482,0.0457497
-1481,0.0118677
-1480,0.0182563
-1479,0.0500221
-1478,0.0301091
-1477,0.0349631
-1476,0.0193163
-1475,0.0248475
-1474,0.0344907
-1473,0.0284508
-1472,0.0165064
-1471,0.0113135
-1470,0.0149576
-1469,0.0521859
-1468,0.0553082
-1467,0.0178014
-1466,0.0263389
-1465,0.0237427
-1464,0.0514355
-1463,0.0446027
-1462,0.0268807
-1461,0.0351983
-1460,0.0398263
-1459,0.0478314
-1458,0.0118402
-1457,0.0538343
-1456,0.0262218
-1455,0.0442866
-1454,0.0453771
-1453,0.039109
-1452,0.0493605
-1451,0.0765036
-1450,0.512279
-1449,0.102967
-1448,0.090626
-1447,0.0454653
-1446,0.0386088
-1445,0.036827
-1444,0.0198289
-1443,0.0774614
-1442,0.121294
-1441,0.0512198
-1440,0.0409219
-1439,0.0203549
-1438,0.0363738
-1437,0.0368656
-1436,0.0164207
-1435,0.0210925
-1434,0.0331168
-1433,0.0497107
-1432,0.011575
-1431,0.0380387
-1430,0.0244163
-1429,0.00998729
-1428,0.0555547
-1427,0.039733
-1426,0.048161
-1425,0.0581484
-1424,0.0268157
-1423,0.0590482
-1422,0.00751523
-1421,0.0142928
-1420,0.00496648
-1419,0.0336341
-1418,0.0455463
-1417,0.0250533
-1416,0.00468828
-1415,0.047658
-1414,0.0308746
-1413,0.00490642
-1412,0.0255591
-1411,0.0324053
-1410,0.0260478
-1409,0.0216033
-1408,0.0116717
-1407,0.0353013
-1406,0.0232781
-1405,0.00627125
-1404,0.0136942
-1403,0.0258723
-1402,0.0300909
-1401,0.0311087
-1400,0.0875928
-1399,0.0181627
-1398,0.00630088
-1397,0.0382129
-1396,0.0260929
-1395,0.00890406
-1394,0.0124389
-1393,0.0278774
-1392,0.0140963
-1391,0.0303124
-1390,0.0405871
-1389,0.0366676
-1388,0.047277
-1387,0.0381866
-1386,0.0203407
-1385,0.0161913
-1384,0.0130179
-1383,0.0107491
-1382,0.0410392
-1381,0.0318968
-1380,0.00749056
-1379,0.0257166
-1378,0.0119318
-1377,0.0320445
-1376,0.0385541
-1375,0.0347616
-1374,0.0337103
-1373,0.0529867
-1372,0.0326545
-1371,0.0251311
-1370,0.039179
-1369,0.0156119
-1368,0.0149548
-1367,0.0205284
-1366,0.0192047
-1365,0.029548
-1364,0.0573459
-1363,0.0242881
-1362,0.0325233
-1361,0.0213459
-1360,0.0202654
-1359,0.0169174
-1358,0.0286559
-1357,0.0324978
-1356,0.0331529
-1355,0.0224924
-1354,0.0186912
-1353,0.00801592
-1352,0.0171258
-1351,0.0182044
-1350,0.0935956
-1349,0.111142
-1348,0.015031
-1347,0.0197411
-1346,0.0321134
-1345,0.021412
-1344,0.0119239
-1343,0.0149318
-1342,0.0312475
-1341,0.0209729
-1340,0.0213321
-1339,0.00476888
-1338,0.0154148
-1337,0.0290142
-1336,0.0170549
-1335,0.0116413
-1334,0.029684
-1333,0.0226355
-1332,0.016949
-1331,0.0273761
-1330,0.0342698
-1329,0.0177768
-1328,0.0388559
-1327,0.0164437
-1326,0.0191549
-1325,0.000925232
-1324,0.0358164
-1323,0.0254083
-1322,0.036588
-1321,0.0416149
-1320,0.0342849
-1319,0.0269979
-1318,0.0131538
-1317,0.0160612
-1316,0.0300508
-1315,0.0178943
-1314,0.00743828
-1313,0.00761107
-1312,0.00825091
-1311,0.0248921
-1310,0.0180095
-1309,0.0296482
-1308,0.0103658
-1307,0.00937187
-1306,0.0341559
-1305,0.0353802
-1304,0.0183335
-1303,0.0411858
-1302,0.0332325
-1301,0.0108462
-1300,0.0234323
-1299,0.00549224
-1298,0.026812
-1297,0.0156807
-1296,0.0258221
-1295,0.00579761
-1294,0.0174166
-1293,0.013685
-1292,0.0494526
-1291,0.0171966
-1290,0.0148766
-1289,0.0103734
-1288,0.0361299
-1287,0.0203105
-1286,0.0175379
-1285,0.017458
-1284,0.0127369
-1283,0.0377724
-1282,0.0296252
-1281,0.0100281
-1280,0.0250222
-1279,0.00232491
-1278,0.0207069
-1277,0.0215529
-1276,0.0127385
-1275,0.0240597
-1274,0.0264999
-1273,0.0227843
-1272,0.027871
-1271,0.0220961
-1270,0.00151313
-1269,0.0313441
-1268,0.015665
-1267,0.0177377
-1266,0.0239381
-1265,0.0251111
-1264,0.0193103
-1263,0.00944317
-1262,0.0129125
-1261,0.0243923
-1260,0.0315588
-1259,0.00215281
-1258,0.025264
-1257,0.0184373
-1256,0.0256477
-1255,0.0243596
-1254,0.00919752
-1253,0.0211482
-1252,0.0170244
-1251,0.0249728
-1250,0.0336836
-1249,0.0131923
-1248,0.0185934
-1247,0.047445
-1246,0.0279158
-1245,0.0349171
-1244,0.0202046
-1243,0.0126516
-1242,0.0272944
-1241,0.0128098
-1240,0.014629
-1239,0.0196766
-1238,0.0146875
-1237,0.0110552
-1236,0.0261344
-1235,0.0081082
-1234,0.0141619
-1233,0.0112695
-1232,0.0114803
-1231,0.0145589
-1230,0.0152564
-1229,0.00530448
-1228,0.0447005
-1227,0.0162176
-1226,0.0216802
-1225,0.0121668
-1224,0.0216643
-1223,0.0452125
-1222,0.0133146
-1221,0.00955631
-1220,0.0238287
-1219,0.0228371
-1218,0.00944059
-1217,0.00446704
-1216,0.0429927
-1215,0.0261249
-1214,0.0369961
-1213,0.0239589
-1212,0.0489906
-1211,0.00770057
-1210,0.00963757
-1209,0.0278062
-1208,0.185253
-1207,0.170883
-1206,0.0473241
-1205,0.028711
-1204,0.0219567
-1203,0.0227236
-1202,0.0133118
-1201,0.0199641
-1200,0.0338821
-1199,0.00499624
-1198,0.0188603
-1197,0.0169107
-1196,0.0123115
-1195,0.0102364
-1194,0.0046297
-1193,0.0033055
-1192,0.0291586
-1191,0.010906
-1190,0.0192078
-1189,0.0224265
-1188,0.0174944
-1187,0.000895235
-1186,0.0364692
-1185,0.0257792
-1184,0.0348261
-1183,0.0307892
-1182,0.0237816
-1181,0.0113341
-1180,0.0102489
-1179,0.0137208
-1178,0.0118925
-1177,0.00668521
-1176,0.0422043
-1175,0.0020352
-1174,0.0262981
-1173,0.0149655
-1172,0.0260121
-1171,0.023809
-1170,0.0228422
-1169,0.021559
-1168,0.0134917
-1167,0.0197195
-1166,0.0173603
-1165,0.00801312
-1164,0.0481012
-1163,0.00961847
-1162,0.0272762
-1161,0.0265618
-1160,0.0254883
-1159,0.0195294
-1158,0.0128775
-1157,0.0259675
-1156,0.0217906
-1155,0.0252557
-1154,0.0166668
-1153,0.0228729
-1152,0.0221656
-1151,0.0198731
-1150,0.0711079
-1149,0.0595138
-1148,0.0646852
-1147,0.0709887
-1146,0.0265841
-1145,0.00555113
-1144,0.0399854
-1143,0.0554291
-1142,0.041304
-1141,0.0403891
-1140,0.00550365
-1139,0.00526429
-1138,0.0131669
-1137,0.0123389
-1136,0.0139299
-1135,0.0179991
-1134,0.0181626
-1133,0.0265627
-1132,0.00993953
-1131,0.0209249
-1130,0.0322212
-1129,0.00556774
-1128,0.00403442
-1127,0.0131085
-1126,0.0287422
-1125,0.0139454
-1124,0.032544
-1123,0.0101838
-1122,0.0113547
-1121,0.0346213
-1120,0.0218975
-1119,0.037676
-1118,0.0090444
-1117,0.0345785
-1116,0.027282
-1115,0.0198411
-1114,0.0158344
-1113,0.00529191
-1112,0.0196832
-1111,0.00478004
-1110,0.020515
-1109,0.00886666
-1108,0.00593197
-1107,0.0248447
-1106,0.0274237
-1105,0.0173554
-1104,0.0284561
-1103,0.00776861
-1102,0.00262651
-1101,0.0198031
-1100,0.0390447
-1099,0.0296441
-1098,0.00874915
-1097,0.0154469
-1096,0.0246615
-1095,0.00386646
-1094,0.0218193
-1093,0.0113057
-1092,0.0122014
-1091,0.0332704
-1090,0.0310226
-1089,0.011721
-1088,0.0301741
-1087,0.0117874
-1086,0.0212529
-1085,0.0308229
-1084,0.0228651
-1083,0.0210846
-1082,0.0278479
-1081,0.0485813
-1080,0.0287315
-1079,0.0225054
-1078,0.00564106
-1077,0.032438
-1076,0.0167287
-1075,0.021084
-1074,0.0109675
-1073,0.0222115
-1072,0.0361998
-1071,0.0272375
-1070,0.0145274
-1069,0.0263821
-1068,0.0179233
-1067,0.00542774
-1066,0.0086571
-1065,0.0256788
-1064,0.0121749
-1063,0.000810024
-1062,0.0164811
-1061,0.0283025
-1060,0.0227391
-1059,0.00308625
-1058,0.0166077
-1057,0.0084402
-1056,0.0056512
-1055,0.019419
-1054,0.0248549
-1053,0.0351475
-1052,0.0423193
-1051,0.0656382
-1050,0.33029
-1049,0.137319
-1048,0.0543454
-1047,0.0500153
-1046,0.0423862
-1045,0.0318608
-1044,0.0233352
-1043,0.0152351
-1042,0.0041779
-1041,0.0337532
-1040,0.0182321
-1039,0.0339111
-1038,0.0168966
-1037,0.0143637
-1036,0.0175371
-1035,0.0397347
-1034,0.00773867
-1033,0.017038
-1032,0.0049827
-1031,0.0259439
-1030,0.0327625
-1029,0.0267683
-1028,0.0122964
-1027,0.0196275
-1026,0.0198943
-1025,0.0177491
-1024,0.020995
-1023,0.00779009
-1022,0.0194592
-1021,0.0378982
-1020,0.0421288
-1019,0.0197739
-1018,0.00927541
-1017,0.0220969
-1016,0.00729571
-1015,0.0139639
-1014,0.0197006
-1013,0.027489
-1012,0.0238586
-1011,0.0248599
-1010,0.011689
-1009,0.0128989
-1008,0.0105979
-1007,0.0268747
-1006,0.00631471
-1005,0.0351841
-1004,0.026934
-1003,0.0103194
-1002,0.0232145
-1001,0.00971325
-1000,0.038492
-999,0.0235184
-998,0.0276113
-997,0.0260551
-996,0.0189387
-995,0.007784
-994,0.0398324
-993,0.0396331
-992,0.0168081
-991,0.0236041
-990,0.0160483
-989,0.00182724
-988,0.0125538
-987,0.0197035
-986,0.0393473
-985,0.0149546
-984,0.0326196
-983,0.00196578
-982,0.0152249
-981,0.0147519
-980,0.00111763
-979,0.0282005
-978,0.0338064
-977,0.00596948
-976,0.0186159
-975,0.0246245
-974,0.0306647
-973,0.0317231
-972,0.0167818
-971,0.009552
-970,0.0157188
-969,0.0161764
-968,0.0125008
-967,0.0151636
-966,0.0150378
-965,0.0218412
-964,0.0126166
-963,0.00781272
-962,0.0312365
-961,0.0154995
-960,0.0242643
-959,0.00277758
-958,0.0349317
-957,0.0314951
-956,0.0170884
-955,0.0168751
-954,0.0213808
-953,0.0106824
-952,0.0148124
-951,0.0252569
-950,0.0713448
-949,0.0154354
-948,0.00611638
-947,0.0344317
-946,0.0456676
-945,0.0200392
-944,0.0213122
-943,0.0194929
-942,0.0120757
-941,0.0199151
-940,0.0106785
-939,0.00389546
-938,0.014095
-937,0.0277281
-936,0.0112618
-935,0.0309791
-934,0.0246415
-933,0.0101734
-932,0.0180871
-931,0.012179
-930,0.0102322
-929,0.014381
-928,0.0198504
-927,0.027678
-926,0.0156085
-925,0.0202944
-924,0.0168093
-923,0.0250592
-922,0.0302792
-921,0.0167387
-920,0.0425698
-919,0.0266964
-918,0.00591086
-917,0.00942896
-916,0.0244588
-915,0.0109444
-914,0.0106979
-913,0.0347654
-912,0.0157175
-911,0.0347235
-910,0.00453427
-909,0.00937217
-908,0.0273983
-907,0.0151853
-906,0.0122105
-905,0.017954
-904,0.00512747
-903,0.0272139
-902,0.0178179
-901,0.030576
-900,0.00673048
-899,0.0534563
-898,0.00572401
-897,0.0145087
-896,0.037604
-895,0.00823136
-894,0.0276112
-893,0.0221705
-892,0.044359
-891,0.0143852
-890,0.0364343
-889,0.0183841
-888,0.0229119
-887,0.0112714
-886,0.0099531
-885,0.0188569
-884,0.0296469
-883,0.0157798
-882,0.0113746
-881,0.00555627
-880,0.0225676
-879,0.00408937
-878,0.0210162
-877,0.0144566
-876,0.0143222
-875,0.028576
-874,0.0102734
-873,0.0312988
-872,0.0299852
-871,0.0278452
-870,0.0180529
-869,0.0140012
-868,0.00790336
-867,0.0254821
-866,0.0156919
-865,0.0165656
-864,0.00556947
-863,0.0142056
-862,0.0259919
-861,0.024162
-860,0.0325796
-859,0.0246977
-858,0.0183139
-857,0.0280045
-856,0.0198201
-855,0.0395604
-854,0.0489232
-853,0.0469595
-852,0.0647954
-851,0.0731717
-850,0.414468
-849,0.188052
-848,0.0676438
-847,0.0431832
-846,0.0334969
-845,0.0113005
-844,0.0449485
-843,0.0293835
-842,0.0171165
-841,0.0307903
-840,0.0150861
-839,0.0100389
-838,0.0314354
-837,0.014622
-836,0.0218663
-835,0.00765031
-834,0.00837028
-833,0.0169651
-832,0.0338614
-831,0.0354325
-830,0.0110123
-829,0.0384766
-828,0.0372472
-827,0.00308683
-826,0.0162796
-825,0.0184263
-824,0.00802309
-823,0.0281332
-822,0.0409669
-821,0.025936
-820,0.0037977
-819,0.017509
-818,0.0240762
-817,0.0166403
-816,0.0101346
-815,0.00482494
-814,0.0055945
-813,0.0199678
-812,0.015955
-811,0.0195428
-810,0.0309433
-809,0.0286159
-808,0.0243999
-807,0.00955682
-806,0.0130271
-805,0.0196971
-804,0.00641625
-803,0.0193958
-802,0.016549
-801,0.0189655
-800,0.0380081
-799,0.0128239
-798,0.0257003
-797,0.0229812
-796,0.014641
-795,0.0339021
-794,0.0152459
-793,0.0115077
-792,0.00611838
-791,0.0138383
-790,0.0169394
-789,0.0251296
-788,0.0210741
-787,0.013586
-786,0.0221279
-785,0.0208056
-784,0.0146874
-783,0.00669727
-782,0.0160184
-781,0.0290848
-780,0.0175563
-779,0.00829645
-778,0.0206035
-777,0.0239717
-776,0.00458544
-775,0.0225009
-774,0.0431311
-773,0.0116965
-772,0.0227856
-771,0.0136998
-770,0.00678214
-769,0.0370145
-768,0.00684601
-767,0.0133865
-766,0.0144545
-765,0.0209526
-764,0.0243628
-763,0.0158876
-762,0.021224
-761,0.0100355
-760,0.0179759
-759,0.0043083
-758,0.0124135
-757,0.0081429
-756,0.00708007
-755,0.0306758
-754,0.00472564
-753,0.0304391
-752,0.0397622
-751,0.0560993
-750,0.356271
-749,0.0392166
-748,0.0427313
-747,0.0128954
-746,0.0159725
-745,0.011358
-744,0.0908984
-743,0.0415801
-742,0.158025
-741,0.124354
-740,0.137048
-739,0.00829794
-738,0.0332942
-737,0.0347676
-736,0.00545978
-735,0.00673308
-734,0.0365642
-733,0.025955
-732,0.0207994
-731,0.0212424
-730,0.0176439
-729,0.018545
-728,0.00861043
-727,0.0154587
-726,0.0037302
-725,0.0314079
-724,0.0121876
-723,0.0210107
-722,0.0243904
-721,0.0111156
-720,0.0271552
-719,0.0198106
-718,0.0059382
-717,0.0379112
-716,0.0263413
-715,0.0141989
-714,0.0222781
-713,0.00977547
-712,0.026579
-711,0.00981496
-710,0.0277406
-709,0.0220433
-708,0.0151209
-707,0.0147511
-706,0.0106345
-705,0.0123562
-704,0.0246079
-703,0.00527622
-702,0.0154204
-701,0.0147123
-700,0.00305573
-699,0.0106701
-698,0.0282478
-697,0.00753326
-696,0.0201881
-695,0.0113255
-694,0.0191297
-693,0.0105362
-692,0.0204987
-691,0.00934701
-690,0.00696443
-689,0.0064045
-688,0.0195949
-687,0.0364232
-686,0.0117087
-685,0.0116417
-684,0.0419709
-683,0.0204227
-682,0.0123512
-681,0.0594236
-680,0.0180792
-679,0.0242513
-678,0.00893349
-677,0.00992312
-676,0.00891233
-675,0.0214807
-674,0.0294572
-673,0.00870546
-672,0.00933413
-671,0.017697
-670,0.0201418
-669,0.0213788
-668,0.0196898
-667,0.0320595
-666,0.00944262
-665,0.0281064
-664,0.0189232
-663,0.0351782
-662,0.0168975
-661,0.00822779
-660,0.00453958
-659,0.029261
-658,0.0164892
-657,0.00656192
-656,0.0137847
-655,0.00826607
-654,0.0356716
-653,0.01204
-652,0.0209785
-651,0.0160683
-650,0.256771
-649,0.00908918
-648,0.0157887
-647,0.0342984
-646,0.0209617
-645,0.0186523
-644,0.0114657
-643,0.0120071
-642,0.0377764
-641,0.0133619
-640,0.0211789
-639,0.0216743
-638,0.0173721
-637,0.0337605
-636,0.028253
-635,0.0239681
-634,0.0519972
-633,0.065792
-632,0.20647
-631,0.382854
-630,0.250641
-629,0.0160894
-628,0.0181637
-627,0.0347087
-626,0.0178845
-625,0.0264866
-624,0.0125312
-623,0.0476327
-622,0.0123597
-621,0.0218301
-620,0.00252422
-619,0.0323568
-618,0.0209539
-617,0.0277652
-616,0.0310641
-615,0.0318086
-614,0.0199893
-613,0.0132403
-612,0.0181449
-611,0.0192826
-610,0.00626047
-609,0.010077
-608,0.0285014
-607,0.0269719
-606,0.00776223
-605,0.00930463
-604,0.00841937
-603,0.0142077
-602,0.00820525
-601,0.00532864
-600,0.00129939
-599,0.0113355
-598,0.0188369
-597,0.0215268
-596,0.0275501
-595,0.0105085
-594,0.0139055
-593,0.0142436
-592,0.0331153
-591,0.0124855
-590,0.0221088
-589,0.0159498
-588,0.0221447
-587,0.0163518
-586,0.00396388
-585,0.0159343
-584,0.0222193
-583,0.0428281
-582,0.0160469
-581,0.0280566
-580,0.00605378
-579,0.0149109
-578,0.020583
-577,0.0106053
-576,0.0201743
-575,0.00464851
-574,0.0287572
-573,0.0262144
-572,0.0112234
-571,0.0109035
-570,0.00591726
-569,0.0105745
-568,0.0204579
-567,0.0308736
-566,0.0246342
-565,0.0184126
-564,0.0254789
-563,0.00737057
-562,0.00808678
-561,0.0206728
-560,0.0323598
-559,0.0121338
-558,0.0181828
-557,0.00520629
-556,0.0360523
-555,0.035586
-554,0.0189054
-553,0.0389075
-552,0.0374382
-551,0.0547954
-550,0.470334
-549,0.0919304
-548,0.0212519
-547,0.032682
-546,0.0185103
-545,0.0356517
-544,0.0347591
-543,0.0345114
-542,0.0147067
-541,0.0302358
-540,0.015208
-539,0.0268519
-538,0.00655632
-537,0.00749522
-536,0.0156671
-535,0.0142881
-534,0.0228952
-533,0.0341216
-532,0.00462267
-531,0.00942879
-530,0.0224026
-529,0.0167697
-528,0.0402609
-527,0.0394988
-526,0.0287651
-525,0.0155428
-524,0.0181427
-523,0.0170293
-522,0.0284715
-521,0.0185144
-520,0.0477595
-519,0.0196282
-518,0.0156038
-517,0.0133602
-516,0.0154447
-515,0.0125485
-514,0.00849943
-513,0.0256078
-512,0.0215234
-511,0.0129001
-510,0.0302917
-509,0.00602033
-508,0.0286769
-507,0.00261963
-506,0.00437868
-505,0.0170353
-504,0.0136245
-503,0.0143291
-502,0.0238936
-501,0.0145508
-500,0.0103536
-499,0.00990838
-498,0.0255885
-497,0.0190643
-496,0.00194538
-495,0.0201454
-494,0.0354878
-493,0.0111344
-492,0.0140367
-491,0.0197957
-490,0.0299423
-489,0.0170836
-488,0.00695156
-487,0.0317875
-486,0.0188276
-485,0.0159046
-484,0.00255942
-483,0.015889
-482,0.0181864
-481,0.0116427
-480,0.0206223
-479,0.0153453
-478,0.0160764
-477,0.021306
-476,0.0209464
-475,0.0060105
-474,0.0376543
-473,0.0222653
-472,0.0152696
-471,0.0118168
-470,0.0225192
-469,0.024878
-468,0.0305815
-467,0.0169634
-466,0.0167169
-465,0.0185816
-464,0.0166345
-463,0.0198163
-462,0.0143383
-461,0.0266323
-460,0.00664529
-459,0.00920651
-458,0.00640534
-457,0.0202842
-456,0.0280232
-455,0.0296849
-454,0.035048
-453,0.01139
-452,0.0449675
-451,0.0740522
-450,0.572833
-449,0.0980057
-448,0.0578205
-447,0.0273969
-446,0.0228634
-445,0.0254306
-444,0.0313613
-443,0.0178658
-442,0.00864477
-441,0.0240552
-440,0.0291686
-439,0.0197209
-438,0.0174699
-437,0.0260652
-436,0.0284759
-435,0.0153819
-434,0.0108719
-433,0.0127626
-432,0.0189162
-431,0.0191268
-430,0.041088
-429,0.00418145
-428,0.0103875
-427,0.0153524
-426,0.0211507
-425,0.0147621
-424,0.00903106
-423,0.0124365
-422,0.00838628
-421,0.0132251
-420,0.0171113
-419,0.0227002
-418,0.0428573
-417,0.0217857
-416,0.0277904
-415,0.021063
-414,0.0378044
-413,0.0159757
-412,0.0507604
-411,0.0355381
-410,0.0190875
-409,0.00831923
-408,0.0181661
-407,0.0214824
-406,0.00626267
-405,0.0186907
-404,0.0167962
-403,0.0324835
-402,0.00283653
-401,0.0193303
-400,0.0143832
-399,0.0108472
-398,0.0238324
-397,0.00739239
-396,0.0138294
-395,0.0234207
-394,0.0297779
-393,0.0173636
-392,0.0254774
-391,0.00976297
-390,0.004838
-389,0.00474473
-388,0.0261235
-387,0.00467916
-386,0.0214621
-385,0.0193827
-384,0.0241743
-383,0.0233023
-382,0.0280685
-381,0.0150269
-380,0.0118785
-379,0.0297867
-378,0.00971821
-377,0.00570319
-376,0.021852
-375,0.0106701
-374,0.0341164
-373,0.0267953
-372,0.0135163
-371,0.0134903
-370,0.00816136
-369,0.0216835
-368,0.0106294
-367,0.00347635
-366,0.013899
-365,0.0142593
-364,0.0177327
-363,0.00953265
-362,0.0235897
-361,0.020111
-360,0.0161218
-359,0.0127437
-358,0.0181458
-357,0.0238854
-356,0.0138609
-355,0.0107508
-354,0.017047
-353,0.009729
-352,0.0140725
-351,0.0224339
-350,0.228515
-349,0.016845
-348,0.0153823
-347,0.0073895
-346,0.0258644
-345,0.00913825
-344,0.0214546
-343,0.00942066
-342,0.0220972
-341,0.0337892
-340,0.0132471
-339,0.00787842
-338,0.00951101
-337,0.0187438
-336,0.0109097
-335,0.0127111
-334,0.0276029
-333,0.0212895
-332,0.031276
-331,0.00904928
-330,0.0422144
-329,0.023988
-328,0.0201712
-327,0.0144505
-326,0.0355107
-325,0.0167257
-324,0.0194289
-323,0.011512
-322,0.015934
-321,0.0334786
-320,0.017592
-319,0.00774497
-318,0.0092363
-317,0.00785094
-316,0.0171725
-315,0.00588123
-314,0.00944216
-313,0.0149226
-312,0.0384978
-311,0.00430096
-310,0.0159773
-309,0.0200248
-308,0.0254076
-307,0.0329177
-306,0.0164579
-305,0.00870515
-304,0.0136608
-303,0.00722431
-302,0.0197403
-301,0.0153933
-300,0.0584064
-299,0.0205046
-298,0.031197
-297,0.0144851
-296,0.0152003
-295,0.0290698
-294,0.0233762
-293,0.0145945
-292,0.0363233
-291,0.0051362
-290,0.0218202
-289,0.0100192
-288,0.0290692
-287,0.0199625
-286,0.0149805
-285,0.0106894
-284,0.0366611
-283,0.0289403
-282,0.0344005
-281,0.0314758
-280,0.00380667
-279,0.0379868
-278,0.00820488
-277,0.021748
-276,0.011004
-275,0.010224
-274,0.0207992
-273,0.0180845
-272,0.0325733
-271,0.0129237
-270,0.00652289
-269,0.0120237
-268,0.0298465
-267,0.0224385
-266,0.015032
-265,0.0232553
-264,0.0216737
-263,0.0141828
-262,0.0255617
-261,0.0241554
-260,0.0346722
-259,0.0342512
-258,0.034855
-257,0.0437359
-256,0.0591433
-255,0.0469545
-254,0.0417243
-253,0.0811517
-252,0.112826
-251,0.18386
-250,2.64846
-249,0.181742
-248,0.0867812
-247,0.0754103
-246,0.0506236
-245,0.0472348
-244,0.0359749
-243,0.0369236
-242,0.036527
-241,0.0432815
-240,0.0275602
-239,0.033001
-238,0.0380752
-237,0.013611
-236,0.0108013
-235,0.0256489
-234,0.0274215
-233,0.041448
-232,0.0114633
-231,0.0159548
-230,0.0215691
-229,0.0170562
-228,0.0275765
-227,0.0141024
-226,0.02965
-225,0.025703
-224,0.0190409
-223,0.0352784
-222,0.0137183
-221,0.00521416
-220,0.0110852
-219,0.0141021
-218,0.0258471
-217,0.00430996
-216,0.0105283
-215,0.0211002
-214,0.0234826
-213,0.0121462
-212,0.0149125
-211,0.00582539
-210,0.0216937
-209,0.0179983
-208,0.0196548
-207,0.020332
-206,0.0141015
-205,0.0151298
-204,0.0260692
-203,0.00805176
-202,0.0257557
-201,0.0104208
-200,0.0328984
-199,0.0186622
-198,0.0148107
-197,0.0160405
-196,0.00940457
-195,0.0183409
-194,0.0238547
-193,0.011512
-192,0.0171109
-191,0.0198156
-190,0.0161965
-189,0.0268234
-188,0.0190943
-187,0.0161815
-186,0.0257934
-185,0.0263348
-184,0.027225
-183,0.0181897
-182,0.00670821
-181,0.0434282
-180,0.00406688
-179,0.0030527
-178,0.0139933
-177,0.0104969
-176,0.0145882
-175,0.0281394
-174,0.0110401
-173,0.00775558
-172,0.015922
-171,0.013035
-170,0.0147793
-169,0.0413139
-168,0.032771
-167,0.0250592
-166,0.014014
-165,0.0175158
-164,0.00956455
-163,0.0193617
-162,0.0126094
-161,0.0170288
-160,0.0165089
-159,0.0186282
-158,0.00705924
-157,0.0166426
-156,0.012096
-155,0.01413
-154,0.0244395
-153,0.034147
-152,0.0215505
-151,0.0502428
-150,0.595996
-149,0.0952605
-148,0.0506075
-147,0.022849
-146,0.034559
-145,0.042601
-144,0.0219607
-143,0.0283968
-142,0.00982892
-141,0.0163199
-140,0.0175265
-139,0.0414966
-138,0.00834154
-137,0.0441526
-136,0.0265598
-135,0.0189546
-134,0.0265079
-133,0.011602
-132,0.0232269
-131,0.0146631
-130,0.0206802
-129,0.039833
-128,0.0131329
-127,0.0226966
-126,0.0192834
-125,0.0309747
-124,0.0216287
-123,0.0339213
-122,0.0148169
-121,0.0175674
-120,0.000306889
-119,0.0190998
-118,0.0110885
-117,0.0197934
-116,0.0138236
-115,0.0196267
-114,0.0270748
-113,0.0481916
-112,0.0210925
-111,0.0058018
-110,0.0133144
-109,0.0194731
-108,0.0293977
-107,0.00222783
-106,0.0336725
-105,0.022752
-104,0.0188162
-103,0.0288146
-102,0.00605297
-101,0.00873007
-100,0.037618
-99,0.0263176
-98,0.00520609
-97,0.0170017
-96,0.0262098
-95,0.0107158
-94,0.0182425
-93,0.0108554
-92,0.0207741
-91,0.00373057
-90,0.00241772
-89,0.0140387
-88,0.0237145
-87,0.0119443
-86,0.0221711
-85,0.0155621
-84,0.0273838
-83,0.015042
-82,0.0384431
-81,0.0237205
-80,0.0201853
-79,0.0212977
-78,0.00134657
-77,0.0403021
-76,0.0332429
-75,0.00789805
-74,0.024805
-73,0.0348122
-72,0.0541906
-71,0.0154797
-70,0.016089
-69,0.0331772
-68,0.0268968
-67,0.0605313
-66,0.0353195
-65,0.021114
-64,0.103889
-63,0.0561974
-62,0.0804283
-61,0.00122926
-60,0.0303994
-59,0.047303
-58,0.0413987
-57,0.00835749
-56,0.0178989
-55,0.0498201
-54,0.0247444
-53,0.0338178
-52,0.0273546
-51,0.0159416
-50,0.818157
-49,0.0220825
-48,0.00988722
-47,0.0206721
-46,0.0180254
-45,0.0141487
-44,0.0082532
-43,0.018083
-42,0.0413835
-41,0.0132336
-40,0.0223241
-39,0.0314488
-38,0.0419854
-37,0.0217588
-36,0.0200954
-35,0.0296154
-34,0.0316433
-33,0.0247319
-32,0.0347707
-31,0.011765
-30,0.00647988
-29,0.0151475
-28,0.0246658
-27,0.0192601
-26,0.00890309
-25,0.00486496
-24,0.0134153
-23,0.0132983
-22,0.0430013
-21,0.0302648
-20,0.0125256
-19,0.00446173
-18,0.00765778
-17,0.0310146
-16,0.00919344
-15,0.0264182
-14,0.0198516
-13,0.0252651
-12,0.00469527
-11,0.00771549
-10,0.0172099
-9,0.0109848
-8,0.0195353
-7,0.00903952
-6,0.0181209
-5,0.0236728
-4,0.00461783
-3,0.0212674
-2,0.0107578
-1,0.0171969
0,1.75165
1,0.0171969
2,0.0107577
3,0.0212673
4,0.00461784
5,0.0236728
6,0.0181208
7,0.00903952
8,0.0195353
9,0.0109848
10,0.0172099
11,0.00771549
12,0.00469527
13,0.0252651
14,0.0198516
15,0.0264182
16,0.00919344
17,0.0310146
18,0.00765773
19,0.00446172
20,0.0125256
21,0.0302648
22,0.0430012
23,0.0132983
24,0.0134153
25,0.00486496
26,0.00890308
27,0.0192601
28,0.0246658
29,0.0151475
30,0.00647987
31,0.011765
32,0.0347706
33,0.0247319
34,0.0316433
35,0.0296154
36,0.0200954
37,0.0217588
38,0.0419854
39,0.0314488
40,0.0223241
41,0.0132336
42,0.0413834
43,0.018083
44,0.00825321
45,0.0141487
46,0.0180254
47,0.0206721
48,0.00988727
49,0.0220825
50,0.818157
51,0.0159417
52,0.0273545
53,0.0338178
54,0.0247444
55,0.0498201
56,0.0178989
57,0.00835749
58,0.0413987
59,0.047303
60,0.0303994
61,0.00122924
62,0.0804283
63,0.0561974
64,0.103889
65,0.021114
66,0.0353195
67,0.0605313
68,0.0268968
69,0.0331772
70,0.016089
71,0.0154797
72,0.0541905
73,0.0348122
74,0.024805
75,0.00789805
76,0.0332429
77,0.0403021
78,0.00134659
79,0.0212978
80,0.0201853
81,0.0237205
82,0.0384431
83,0.015042
84,0.0273838
85,0.0155622
86,0.0221711
87,0.0119443
88,0.0237146
89,0.0140387
90,0.00241773
91,0.00373056
92,0.0207741
93,0.0108554
94,0.0182424
95,0.0107158
96,0.0262097
97,0.0170017
98,0.00520608
99,0.0263176
100,0.0376179
101,0.00873007
102,0.00605298
103,0.0288146
104,0.0188162
105,0.022752
106,0.0336725
107,0.00222783
108,0.0293977
109,0.0194731
110,0.0133143
111,0.0058018
112,0.0210925
113,0.0481917
114,0.0270747
115,0.0196267
116,0.0138236
117,0.0197934
118,0.0110885
119,0.0190999
120,0.000306894
121,0.0175674
122,0.014817
123,0.0339213
124,0.0216287
125,0.0309747
126,0.0192834
127,0.0226966
128,0.0131329
129,0.039833
130,0.0206802
131,0.014663
132,0.023227
133,0.011602
134,0.026508
135,0.0189546
136,0.0265598
137,0.0441526
138,0.00834151
139,0.0414966
140,0.0175265
141,0.0163199
142,0.00982892
143,0.0283968
144,0.0219607
145,0.042601
146,0.034559
147,0.022849
148,0.0506075
149,0.0952605
150,0.595996
151,0.0502428
152,0.0215505
153,0.034147
154,0.0244395
155,0.01413
156,0.012096
157,0.0166426
158,0.00705926
159,0.0186282
160,0.0165089
161,0.0170288
162,0.0126094
163,0.0193617
164,0.00956454
165,0.0175158
166,0.014014
167,0.0250592
168,0.032771
169,0.0413139
170,0.0147793
171,0.013035
172,0.015922
173,0.00775559
174,0.0110401
175,0.0281394
176,0.0145882
177,0.0104969
178,0.0139933
179,0.00305269
180,0.00406688
181,0.0434282
182,0.00670822
183,0.0181897
184,0.027225
185,0.0263348
186,0.0257933
187,0.0161815
188,0.0190944
189,0.0268234
190,0.0161965
191,0.0198156
192,0.0171109
193,0.0115119
194,0.0238547
195,0.0183409
196,0.00940459
197,0.0160405
198,0.0148107
199,0.0186623
200,0.0328983
201,0.0104207
202,0.0257559
203,0.00805177
204,0.0260692
205,0.0151298
206,0.0141016
207,0.0203319
208,0.0196547
209,0.0179984
210,0.0216937
211,0.00582535
212,0.0149125
213,0.0121462
214,0.0234826
215,0.0211001
216,0.0105283
217,0.00431
218,0.0258471
219,0.0141021
220,0.0110851
221,0.00521418
222,0.0137183
223,0.0352784
224,0.0190409
225,0.025703
226,0.02965
227,0.0141024
228,0.0275765
229,0.0170562
230,0.0215691
231,0.0159548
232,0.0114633
233,0.041448
234,0.0274216
235,0.0256489
236,0.0108013
237,0.013611
238,0.0380752
239,0.033001
240,0.0275602
241,0.0432815
242,0.036527
243,0.0369236
244,0.0359749
245,0.0472348
246,0.0506236
247,0.0754103
248,0.0867812
249,0.181742
250,2.64846
251,0.18386
252,0.112826
253,0.0811517
254,0.0417243
255,0.0469545
256,0.0591433
257,0.0437359
258,0.034855
259,0.0342512
260,0.0346722
261,0.0241554
262,0.0255617
263,0.0141828
264,0.0216737
265,0.0232553
266,0.0150319
267,0.0224385
268,0.0298465
269,0.0120237
270,0.00652288
271,0.0129237
272,0.0325732
273,0.0180845
274,0.0207992
275,0.010224
276,0.011004
277,0.021748
278,0.00820485
279,0.0379868
280,0.00380669
281,0.0314758
282,0.0344005
283,0.0289403
284,0.0366611
285,0.0106894
286,0.0149805
287,0.0199625
288,0.0290692
289,0.0100191
290,0.0218202
291,0.00513621
292,0.0363233
293,0.0145945
294,0.0233762
295,0.0290698
296,0.0152003
297,0.014485
298,0.031197
299,0.0205046
300,0.0584064
301,0.0153933
302,0.0197403
303,0.00722435
304,0.0136608
305,0.00870522
306,0.0164579
307,0.0329177
308,0.0254076
309,0.0200248
310,0.0159774
311,0.00430104
312,0.0384977
313,0.0149226
314,0.00944219
315,0.0058812
316,0.0171725
317,0.00785088
318,0.00923623
319,0.00774492
320,0.017592
321,0.0334786
322,0.015934
323,0.011512
324,0.0194289
325,0.0167257
326,0.0355107
327,0.0144505
328,0.0201712
329,0.023988
330,0.0422144
331,0.00904927
332,0.031276
333,0.0212895
334,0.0276029
335,0.0127111
336,0.0109097
337,0.0187438
338,0.00951101
339,0.00787842
340,0.0132471
341,0.0337893
342,0.0220971
343,0.00942063
344,0.0214546
345,0.00913826
346,0.0258643
347,0.00738951
348,0.0153823
349,0.016845
350,0.228515
351,0.0224339
352,0.0140725
353,0.00972899
354,0.017047
355,0.0107508
356,0.0138609
357,0.0238854
358,0.0181458
359,0.0127437
360,0.0161218
361,0.020111
362,0.0235898
363,0.00953263
364,0.0177327
365,0.0142593
366,0.013899
367,0.00347638
368,0.0106294
369,0.0216835
370,0.00816136
371,0.0134903
372,0.0135163
373,0.0267953
374,0.0341164
375,0.0106701
376,0.021852
377,0.00570318
378,0.00971833
379,0.0297867
380,0.0118785
381,0.0150269
382,0.0280685
383,0.0233023
384,0.0241743
385,0.0193827
386,0.0214621
387,0.00467915
388,0.0261235
389,0.00474473
390,0.00483798
391,0.00976298
392,0.0254774
393,0.0173636
394,0.0297779
395,0.0234207
396,0.0138294
397,0.0073924
398,0.0238324
399,0.0108471
400,0.0143832
401,0.0193303
402,0.00283654
403,0.0324835
404,0.0167962
405,0.0186906
406,0.00626268
407,0.0214824
408,0.0181661
409,0.00831923
410,0.0190875
411,0.0355381
412,0.0507604
413,0.0159757
414,0.0378044
415,0.021063
416,0.0277904
417,0.0217857
418,0.0428573
419,0.0227002
420,0.0171113
421,0.013225
422,0.00838628
423,0.0124365
424,0.00903105
425,0.0147621
426,0.0211508
427,0.0153524
428,0.0103875
429,0.00418145
430,0.041088
431,0.0191268
432,0.0189162
433,0.0127626
434,0.0108718
435,0.0153818
436,0.0284759
437,0.0260652
438,0.0174699
439,0.0197209
440,0.0291686
441,0.0240552
442,0.00864476
443,0.0178658
444,0.0313613
445,0.0254306
446,0.0228634
447,0.0273969
448,0.0578205
449,0.0980057
450,0.572833
451,0.0740522
452,0.0449676
453,0.01139
454,0.035048
455,0.0296849
456,0.0280232
457,0.0202842
458,0.00640535
459,0.00920653
460,0.00664529
461,0.0266323
462,0.0143383
463,0.0198163
464,0.0166346
465,0.0185815
466,0.0167169
467,0.0169634
468,0.0305815
469,0.0248779
470,0.0225193
471,0.0118168
472,0.0152696
473,0.0222653
474,0.0376543
475,0.00601048
476,0.0209463
477,0.021306
478,0.0160764
479,0.0153453
480,0.0206223
481,0.0116427
482,0.0181864
483,0.015889
484,0.00255942
485,0.0159045
486,0.0188276
487,0.0317875
488,0.00695156
489,0.0170836
490,0.0299424
491,0.0197957
492,0.0140367
493,0.0111344
494,0.0354877
495,0.0201454
496,0.00194538
497,0.0190643
498,0.0255885
499,0.00990835
500,0.0103536
501,0.0145508
502,0.0238936
503,0.0143291
504,0.0136245
505,0.0170353
506,0.00437859
507,0.00261964
508,0.0286769
509,0.00602033
510,0.0302917
511,0.0129001
512,0.0215234
513,0.0256078
514,0.00849944
515,0.0125485
516,0.0154447
517,0.0133602
518,0.0156038
519,0.0196282
520,0.0477595
521,0.0185144
522,0.0284715
523,0.0170293
524,0.0181427
525,0.0155428
526,0.0287651
527,0.0394988
528,0.0402609
529,0.0167697
530,0.0224026
531,0.00942878
532,0.00462267
533,0.0341216
534,0.0228952
535,0.0142881
536,0.0156671
537,0.0074952
538,0.00655633
539,0.0268519
540,0.0152079
541,0.0302358
542,0.0147067
543,0.0345114
544,0.0347591
545,0.0356517
546,0.0185103
547,0.032682
548,0.0212519
549,0.0919304
550,0.470334
551,0.0547954
552,0.0374382
553,0.0389075
554,0.0189054
555,0.035586
556,0.0360523
557,0.00520631
558,0.0181828
559,0.0121338
560,0.0323598
561,0.0206728
562,0.00808675
563,0.00737057
564,0.0254789
565,0.0184126
566,0.0246342
567,0.0308736
568,0.0204579
569,0.0105745
570,0.00591727
571,0.0109035
572,0.0112234
573,0.0262145
574,0.0287572
575,0.00464853
576,0.0201743
577,0.0106053
578,0.020583
579,0.0149108
580,0.00605377
581,0.0280565
582,0.0160469
583,0.0428282
584,0.0222193
585,0.0159343
586,0.00396387
587,0.0163518
588,0.0221447
589,0.0159498
590,0.0221088
591,0.0124855
592,0.0331154
593,0.0142436
594,0.0139055
595,0.0105085
596,0.0275502
597,0.0215268
598,0.0188369
599,0.0113356
600,0.0012994
601,0.00532863
602,0.00820525
603,0.0142077
604,0.00841936
605,0.00930462
606,0.00776222
607,0.0269719
608,0.0285014
609,0.010077
610,0.00626048
611,0.0192826
612,0.0181449
613,0.0132403
614,0.0199892
615,0.0318086
616,0.0310641
617,0.0277652
618,0.020954
619,0.0323568
620,0.00252422
621,0.0218301
622,0.0123597
623,0.0476327
624,0.0125312
625,0.0264866
626,0.0178845
627,0.0347087
628,0.0181637
629,0.0160894
630,0.250641
631,0.382854
632,0.20647
633,0.065792
634,0.0519972
635,0.0239681
636,0.028253
637,0.0337604
638,0.0173721
639,0.0216743
640,0.0211789
641,0.0133619
642,0.0377763
643,0.0120071
644,0.0114657
645,0.0186523
646,0.0209617
647,0.0342984
648,0.0157887
649,0.00908917
650,0.256771
651,0.0160684
652,0.0209785
653,0.01204
654,0.0356716
655,0.00826607
656,0.0137847
657,0.00656194
658,0.0164892
659,0.029261
660,0.00453959
661,0.00822779
662,0.0168975
663,0.0351782
664,0.0189232
665,0.0281064
666,0.00944265
667,0.0320595
668,0.0196898
669,0.0213788
670,0.0201418
671,0.017697
672,0.00933414
673,0.00870546
674,0.0294572
675,0.0214807
676,0.00891233
677,0.00992316
678,0.00893351
679,0.0242513
680,0.0180792
681,0.0594236
682,0.0123512
683,0.0204227
684,0.0419709
685,0.0116417
686,0.0117087
687,0.0364231
688,0.0195949
689,0.00640452
690,0.00696441
691,0.00934703
692,0.0204987
693,0.0105362
694,0.0191297
695,0.0113255
696,0.0201881
697,0.00753327
698,0.0282478
699,0.01067
700,0.00305573
701,0.0147123
702,0.0154203
703,0.00527621
704,0.0246078
705,0.0123562
706,0.0106345
707,0.0147511
708,0.0151209
709,0.0220433
710,0.0277406
711,0.00981497
712,0.026579
713,0.00977547
714,0.0222781
715,0.0141989
716,0.0263413
717,0.0379112
718,0.00593821
719,0.0198107
720,0.0271553
721,0.0111157
722,0.0243904
723,0.0210107
724,0.0121877
725,0.0314078
726,0.00373015
727,0.0154586
728,0.00861043
729,0.018545
730,0.0176439
731,0.0212424
732,0.0207994
733,0.0259551
734,0.0365642
735,0.00673308
736,0.00545979
737,0.0347676
738,0.0332942
739,0.00829793
740,0.137048
741,0.124354
742,0.158025
743,0.0415801
744,0.0908984
745,0.011358
746,0.0159725
747,0.0128954
748,0.0427313
749,0.0392166
750,0.356271
751,0.0560994
752,0.0397622
753,0.0304391
754,0.00472565
755,0.0306758
756,0.00708008
757,0.00814288
758,0.0124135
759,0.00430834
760,0.0179759
761,0.0100354
762,0.0212241
763,0.0158876
764,0.0243628
765,0.0209526
766,0.0144544
767,0.0133865
768,0.00684601
769,0.0370144
770,0.00678214
771,0.0136999
772,0.0227856
773,0.0116965
774,0.0431313
775,0.0225009
776,0.00458543
777,0.0239717
778,0.0206035
779,0.00829644
780,0.0175563
781,0.0290848
782,0.0160184
783,0.00669728
784,0.0146874
785,0.0208056
786,0.0221279
787,0.0135859
788,0.0210741
789,0.0251296
790,0.0169394
791,0.0138383
792,0.00611837
793,0.0115077
794,0.0152459
795,0.0339021
796,0.014641
797,0.0229812
798,0.0257003
799,0.0128239
800,0.0380081
801,0.0189655
802,0.016549
803,0.0193958
804,0.00641624
805,0.0196971
806,0.0130271
807,0.00955684
808,0.0243999
809,0.0286159
810,0.0309432
811,0.0195427
812,0.015955
813,0.0199678
814,0.00559455
815,0.00482489
816,0.0101343
817,0.0166403
818,0.0240762
819,0.017509
820,0.00379772
821,0.0259359
822,0.0409669
823,0.0281332
824,0.00802306
825,0.0184263
826,0.0162796
827,0.00308682
828,0.0372473
829,0.0384765
830,0.0110124
831,0.0354325
832,0.0338614
833,0.0169651
834,0.00837027
835,0.0076503
836,0.0218663
837,0.014622
838,0.0314354
839,0.0100388
840,0.0150861
841,0.0307903
842,0.0171165
843,0.0293835
844,0.0449485
845,0.0113005
846,0.0334969
847,0.0431833
848,0.0676438
849,0.188052
850,0.414468
851,0.0731717
852,0.0647954
853,0.0469595
854,0.0489232
855,0.0395604
856,0.0198201
857,0.0280045
858,0.018314
859,0.0246977
860,0.0325796
861,0.024162
862,0.0259919
863,0.0142056
864,0.00556947
865,0.0165656
866,0.0156919
867,0.0254821
868,0.00790336
869,0.0140012
870,0.0180529
871,0.0278452
872,0.0299852
873,0.0312988
874,0.0102734
875,0.028576
876,0.0143222
877,0.0144566
878,0.0210162
879,0.00408938
880,0.0225676
881,0.00555628
882,0.0113746
883,0.0157798
884,0.0296469
885,0.0188569
886,0.00995312
887,0.0112714
888,0.0229119
889,0.0183841
890,0.0364343
891,0.0143852
892,0.044359
893,0.0221705
894,0.0276112
895,0.00823137
896,0.037604
897,0.0145087
898,0.00572401
899,0.0534564
900,0.00673048
901,0.030576
902,0.0178179
903,0.0272139
904,0.00512747
905,0.017954
906,0.0122105
907,0.0151853
908,0.0273984
909,0.00937217
910,0.00453428
911,0.0347235
912,0.0157175
913,0.0347654
914,0.0106979
915,0.0109444
916,0.0244588
917,0.00942897
918,0.0059109
919,0.0266964
920,0.0425698
921,0.0167387
922,0.0302792
923,0.0250592
924,0.0168093
925,0.0202944
926,0.0156085
927,0.027678
928,0.0198504
929,0.014381
930,0.0102322
931,0.012179
932,0.0180871
933,0.0101733
934,0.0246415
935,0.0309791
936,0.0112618
937,0.0277281
938,0.014095
939,0.00389547
940,0.0106785
941,0.019915
942,0.0120757
943,0.0194929
944,0.0213122
945,0.0200392
946,0.0456676
947,0.0344317
948,0.00611637
949,0.0154354
950,0.0713448
951,0.0252569
952,0.0148124
953,0.0106823
954,0.0213809
955,0.0168751
956,0.0170884
957,0.0314951
958,0.0349317
959,0.00277761
960,0.0242643
961,0.0154995
962,0.0312365
963,0.00781272
964,0.0126166
965,0.0218412
966,0.0150378
967,0.0151636
968,0.0125008
969,0.0161764
970,0.0157189
971,0.00955203
972,0.0167818
973,0.0317231
974,0.0306647
975,0.0246245
976,0.0186159
977,0.00596946
978,0.0338064
979,0.0282005
980,0.00111764
981,0.0147519
982,0.0152249
983,0.0019658
984,0.0326196
985,0.0149546
986,0.0393474
987,0.0197035
988,0.0125538
989,0.00182722
990,0.0160483
991,0.0236041
992,0.0168081
993,0.0396331
994,0.0398324
995,0.00778399
996,0.0189387
997,0.0260551
998,0.0276113
999,0.0235184
1000,0.038492
1001,0.00971325
1002,0.0232145
1003,0.0103194
1004,0.026934
1005,0.0351841
1006,0.00631473
1007,0.0268746
1008,0.0105979
1009,0.0128989
1010,0.011689
1011,0.0248599
1012,0.0238586
1013,0.027489
1014,0.0197006
1015,0.0139639
1016,0.00729571
1017,0.0220969
1018,0.00927544
1019,0.0197739
1020,0.0421288
1021,0.0378982
1022,0.0194592
1023,0.00779009
1024,0.020995
1025,0.0177491
1026,0.0198943
1027,0.0196275
1028,0.0122964
1029,0.0267683
1030,0.0327625
1031,0.0259439
1032,0.0049827
1033,0.017038
1034,0.00773869
1035,0.0397347
1036,0.0175371
1037,0.0143637
1038,0.0168966
1039,0.0339111
1040,0.0182321
1041,0.0337532
1042,0.00417789
1043,0.0152351
1044,0.0233352
1045,0.0318608
1046,0.0423862
1047,0.0500154
1048,0.0543454
1049,0.137319
1050,0.330291
1051,0.0656382
1052,0.0423193
1053,0.0351475
1054,0.0248549
1055,0.019419
1056,0.00565121
1057,0.00844019
1058,0.0166077
1059,0.00308622
1060,0.0227391
1061,0.0283025
1062,0.0164812
1063,0.000810007
1064,0.0121749
1065,0.0256788
1066,0.0086571
1067,0.00542774
1068,0.0179233
1069,0.0263821
1070,0.0145275
1071,0.0272375
1072,0.0361998
1073,0.0222115
1074,0.0109674
1075,0.021084
1076,0.0167287
1077,0.032438
1078,0.00564103
1079,0.0225054
1080,0.0287316
1081,0.0485813
1082,0.0278479
1083,0.0210846
1084,0.0228651
1085,0.0308229
1086,0.0212529
1087,0.0117875
1088,0.0301741
1089,0.011721
1090,0.0310226
1091,0.0332704
1092,0.0122014
1093,0.0113057
1094,0.0218192
1095,0.00386645
1096,0.0246615
1097,0.0154469
1098,0.00874915
1099,0.0296441
1100,0.0390447
1101,0.0198031
1102,0.00262651
1103,0.00776861
1104,0.0284561
1105,0.0173555
1106,0.0274237
1107,0.0248447
1108,0.00593196
1109,0.00886664
1110,0.020515
1111,0.00478002
1112,0.0196832
1113,0.0052919
1114,0.0158344
1115,0.0198411
1116,0.027282
1117,0.0345785
1118,0.00904442
1119,0.037676
1120,0.0218975
1121,0.0346214
1122,0.0113547
1123,0.0101838
1124,0.032544
1125,0.0139454
1126,0.0287422
1127,0.0131085
1128,0.00403441
1129,0.00556773
1130,0.0322212
1131,0.0209249
1132,0.00993954
1133,0.0265627
1134,0.0181626
1135,0.0179991
1136,0.0139299
1137,0.0123389
1138,0.0131669
1139,0.00526429
1140,0.00550366
1141,0.0403891
1142,0.041304
1143,0.0554291
1144,0.0399854
1145,0.00555113
1146,0.0265841
1147,0.0709888
1148,0.0646852
1149,0.0595138
1150,0.0711079
1151,0.019873
1152,0.0221656
1153,0.0228729
1154,0.0166667
1155,0.0252558
1156,0.0217906
1157,0.0259675
1158,0.0128775
1159,0.0195295
1160,0.0254883
1161,0.0265618
1162,0.0272761
1163,0.00961848
1164,0.0481012
1165,0.00801311
1166,0.0173603
1167,0.0197195
1168,0.0134917
1169,0.0215589
1170,0.0228422
1171,0.023809
1172,0.0260121
1173,0.0149655
1174,0.0262982
1175,0.00203517
1176,0.0422043
1177,0.00668521
1178,0.0118925
1179,0.0137208
1180,0.0102489
1181,0.0113341
1182,0.0237816
1183,0.0307892
1184,0.0348261
1185,0.0257792
1186,0.0364692
1187,0.000895245
1188,0.0174944
1189,0.0224265
1190,0.0192078
1191,0.010906
1192,0.0291587
1193,0.00330547
1194,0.00462974
1195,0.0102364
1196,0.0123115
1197,0.0169107
1198,0.0188603
1199,0.00499621
1200,0.0338821
1201,0.0199641
1202,0.0133118
1203,0.0227236
1204,0.0219567
1205,0.028711
1206,0.0473241
1207,0.170883
1208,0.185253
1209,0.0278062
1210,0.00963757
1211,0.00770058
1212,0.0489906
1213,0.0239589
1214,0.0369961
1215,0.0261249
1216,0.0429926
1217,0.00446705
1218,0.00944061
1219,0.0228371
1220,0.0238287
1221,0.00955631
1222,0.0133146
1223,0.0452125
1224,0.0216643
1225,0.0121668
1226,0.0216802
1227,0.0162176
1228,0.0447005
1229,0.00530446
1230,0.0152564
1231,0.0145588
1232,0.0114804
1233,0.0112696
1234,0.0141619
1235,0.00810817
1236,0.0261345
1237,0.0110553
1238,0.0146876
1239,0.0196766
1240,0.014629
1241,0.0128097
1242,0.0272944
1243,0.0126516
1244,0.0202046
1245,0.0349171
1246,0.0279158
1247,0.0474451
1248,0.0185934
1249,0.0131923
1250,0.0336836
1251,0.0249728
1252,0.0170244
1253,0.0211482
1254,0.00919752
1255,0.0243596
1256,0.0256477
1257,0.0184373
1258,0.025264
1259,0.00215284
1260,0.0315588
1261,0.0243923
1262,0.0129125
1263,0.00944317
1264,0.0193103
1265,0.0251111
1266,0.0239382
1267,0.0177377
1268,0.0156651
1269,0.0313441
1270,0.00151313
1271,0.0220962
1272,0.027871
1273,0.0227843
1274,0.0264999
1275,0.0240597
1276,0.0127385
1277,0.0215529
1278,0.0207069
1279,0.0023249
1280,0.0250222
1281,0.0100281
1282,0.0296252
1283,0.0377724
1284,0.0127369
1285,0.017458
1286,0.017538
1287,0.0203105
1288,0.0361299
1289,0.0103734
1290,0.0148766
1291,0.0171965
1292,0.0494526
1293,0.013685
1294,0.0174167
1295,0.00579763
1296,0.0258221
1297,0.0156807
1298,0.026812
1299,0.00549223
1300,0.0234323
1301,0.0108462
1302,0.0332325
1303,0.0411858
1304,0.0183336
1305,0.0353802
1306,0.034156
1307,0.00937186
1308,0.0103658
1309,0.0296482
1310,0.0180095
1311,0.0248921
1312,0.00825091
1313,0.00761105
1314,0.00743828
1315,0.0178943
1316,0.0300509
1317,0.0160612
1318,0.0131538
1319,0.0269979
1320,0.034285
1321,0.0416149
1322,0.0365881
1323,0.0254083
1324,0.0358163
1325,0.000925233
1326,0.0191549
1327,0.0164438
1328,0.0388561
1329,0.0177768
1330,0.0342698
1331,0.0273761
1332,0.0169489
1333,0.0226356
1334,0.0296841
1335,0.0116413
1336,0.0170549
1337,0.0290142
1338,0.0154148
1339,0.00476887
1340,0.0213322
1341,0.0209729
1342,0.0312476
1343,0.0149318
1344,0.0119238
1345,0.021412
1346,0.0321134
1347,0.0197411
1348,0.015031
1349,0.111142
1350,0.0935955
1351,0.0182044
1352,0.0171258
1353,0.00801591
1354,0.0186912
1355,0.0224924
1356,0.0331529
1357,0.0324978
1358,0.0286559
1359,0.0169174
1360,0.0202654
1361,0.0213459
1362,0.0325233
1363,0.0242881
1364,0.0573459
1365,0.0295479
1366,0.0192048
1367,0.0205284
1368,0.0149548
1369,0.0156119
1370,0.039179
1371,0.0251312
1372,0.0326545
1373,0.0529867
1374,0.0337103
1375,0.0347617
1376,0.0385541
1377,0.0320445
1378,0.0119317
1379,0.0257166
1380,0.00749057
1381,0.0318968
1382,0.0410392
1383,0.0107491
1384,0.0130179
1385,0.0161913
1386,0.0203407
1387,0.0381866
1388,0.047277
1389,0.0366676
1390,0.0405871
1391,0.0303124
1392,0.0140963
1393,0.0278774
1394,0.0124389
1395,0.00890407
1396,0.0260929
1397,0.0382129
1398,0.00630084
1399,0.0181626
1400,0.0875928
1401,0.0311087
1402,0.0300908
1403,0.0258723
1404,0.0136942
1405,0.00627125
1406,0.0232781
1407,0.0353013
1408,0.0116717
1409,0.0216033
1410,0.0260478
1411,0.0324053
1412,0.0255591
1413,0.00490643
1414,0.0308746
1415,0.047658
1416,0.00468827
1417,0.0250534
1418,0.0455463
1419,0.0336341
1420,0.00496648
1421,0.0142928
1422,0.00751524
1423,0.0590482
1424,0.0268157
1425,0.0581484
1426,0.048161
1427,0.039733
1428,0.0555547
1429,0.0099873
1430,0.0244163
1431,0.0380387
1432,0.011575
1433,0.0497107
1434,0.0331168
1435,0.0210926
1436,0.0164207
1437,0.0368656
1438,0.0363738
1439,0.0203549
1440,0.0409219
1441,0.0512198
1442,0.121294
1443,0.0774614
1444,0.019829
1445,0.036827
1446,0.0386088
1447,0.0454653
1448,0.090626
1449,0.102967
1450,0.512279
1451,0.0765036
1452,0.0493605
1453,0.0391091
1454,0.0453771
1455,0.0442866
1456,0.0262218
1457,0.0538343
1458,0.0118402
1459,0.0478314
1460,0.0398263
1461,0.0351983
1462,0.0268807
1463,0.0446027
1464,0.0514355
1465,0.0237427
1466,0.0263389
1467,0.0178014
1468,0.0553082
1469,0.0521859
1470,0.0149576
1471,0.0113135
1472,0.0165064
1473,0.0284508
1474,0.0344907
1475,0.0248475
1476,0.0193163
1477,0.0349631
1478,0.0301091
1479,0.0500221
1480,0.0182563
1481,0.0118677
1482,0.0457498
1483,0.0622842
1484,0.0117041
1485,0.0338204
1486,0.0341229
1487,0.043241
1488,0.0346847
1489,0.031758
1490,0.0489109
1491,0.0341952
1492,0.0427382
1493,0.0405252
1494,0.00669189
1495,0.0119746
1496,0.0623858
1497,0.0154018
1498,0.0306957
1499,0.0501771
1500,0.058049
1501,0.00601791
1502,0.043794
1503,0.0260721
1504,0.0276393
1505,0.032887
1506,0.00686464
1507,0.00325259
1508,0.0474858
1509,0.0316001
1510,0.0179258
1511,0.0245856
1512,0.0535013
1513,0.0216392
1514,0.0322986
1515,0.0207095
1516,0.0497617
1517,0.0184792
1518,0.0171709
1519,0.0317368
1520,0.036337
1521,0.0261171
1522,0.0100413
1523,0.0783165
1524,0.0773693
1525,0.0404565
1526,0.0201549
1527,0.0239974
1528,0.0301375
1529,0.04392
1530,0.0361224
1531,0.0316173
1532,0.0572124
1533,0.0313907
1534,0.0195846
1535,0.0866862
1536,0.033504
1537,0.0325895
1538,0.0917059
1539,0.0113326
1540,0.0217941
1541,0.00583572
1542,0.0807812
1543,0.0696437
1544,0.034789
1545,0.0880705
1546,0.057702
1547,0.0563855
1548,0.114742
1549,0.31844
1550,0.350704
1551,0.0585099
1552,0.0469218
1553,0.0165845
1554,0.0162734
1555,0.0407175
1556,0.0179128
1557,0.0745828
1558,0.0176404
1559,0.0194489
1560,0.038544
1561,0.0342678
1562,0.0496145
1563,0.0678213
1564,0.0419462
1565,0.0780761
1566,0.00377034
1567,0.0692556
1568,0.060934
1569,0.0506717
1570,0.0764613
1571,0.0446992
1572,0.0789116
1573,0.112067
1574,0.0724785
1575,0.0409921
1576,0.0394424
1577,0.0334496
1578,0.0612243
1579,0.0825467
1580,0.0874112
1581,0.0292689
1582,0.0432577
1583,0.0785995
1584,0.0777207
1585,0.04387
1586,0.035596
1587,0.0436583
1588,0.1
1589,0.0410952
1590,0.066941
1591,0.0639294
1592,0.0127963
1593,0.0486138
1594,0.0204443
1595,0.0283769
1596,0.0583874
1597,0.0329737
1598,0.0724635
1599,0.0554336
1600,0.0577848
1601,0.0330292
1602,0.0611767
1603,0.0341995
1604,0.0420023
1605,0.0103588
1606,0.0904171
1607,0.0586465
1608,0.0664256
1609,0.0316587
1610,0.0284559
1611,0.00727231
1612,0.0485869
1613,0.0621515
1614,0.029293
1615,0.08856
1616,0.0268806
1617,0.0695255
1618,0.0801473
1619,0.0794709
1620,0.0387729
1621,0.0758325
1622,0.0945052
1623,0.0782427
1624,0.0179636
1625,0.107533
1626,0.0626855
1627,0.0385118
1628,0.0184509
1629,0.0596336
1630,0.0311156
1631,0.027564
1632,0.0447156
1633,0.0647412
1634,0.0321497
1635,0.0798079
1636,0.12641
1637,0.0613278
1638,0.0465613
1639,0.0328024
1640,0.0693433
1641,0.0535172
1642,0.0176573
1643,0.0741375
1644,0.0362734
1645,0.0855289
1646,0.135955
1647,0.00774658
1648,0.0466676
1649,0.172752
1650,0.0923634
1651,0.0717864
1652,0.0124968
1653,0.0196886
1654,0.0367557
1655,0.0947883
1656,0.0688643
1657,0.0741783
1658,0.107136
1659,0.0283454
1660,0.048558
1661,0.0551302
1662,0.0564138
1663,0.101505
1664,0.103655
1665,0.0413704
1666,0.157992
1667,0.0596659
1668,0.0230843
1669,0.075061
1670,0.120624
1671,0.050668
1672,0.140114
1673,0.0154927
1674,0.0893535
1675,0.065588
1676,0.126869
1677,0.0706038
1678,0.0475207
1679,0.0822754
1680,0.0938015
1681,0.0636776
1682,0.0447822
1683,0.0450165
1684,0.0814423
1685,0.109582
1686,0.0528173
1687,0.151549
1688,0.0368846
1689,0.114002
1690,0.125325
1691,0.0391562
1692,0.116035
1693,0.152897
1694,0.0328383
1695,0.141049
1696,0.090793
1697,0.106384
1698,0.0431887
1699,0.144089
1700,0.209346
1701,0.283485
1702,0.131146
1703,0.0859695
1704,0.213359
1705,0.102494
1706,0.0923967
1707,0.0801307
1708,0.125874
1709,0.138596
1710,0.135119
1711,0.0753505
1712,0.0130802
1713,0.118245
1714,0.164363
1715,0.169145
1716,0.194001
1717,0.187678
1718,0.116215
1719,0.0810931
1720,0.233474
1721,0.138096
1722,0.318846
1723,0.428368
1724,0.719668
1725,0.788589
1726,0.325956
1727,0.278425
1728,0.213959
1729,0.544338
1730,0.940333
1731,0.880631
1732,0.637278
1733,0.343097
1734,0.27912
1735,0.332793
1736,0.620084
1737,0.584279
1738,0.658894
1739,0.26108
1740,0.309629
1741,0.0780701
1742,0.163952
1743,0.196419
1744,0.169894
1745,0.191342
1746,0.218585
1747,0.0963582
1748,0.154621
1749,0.640362
1750,1.57389
1751,0.39602
1752,0.175744
1753,0.209057
1754,0.171017
1755,0.129899
1756,0.196712
1757,0.179811
1758,0.170886
1759,0.0788848
1760,0.160998
1761,0.134875
1762,0.10178
1763,0.148864
1764,0.191238
1765,0.123561
1766,0.122499
1767,0.158562
1768,0.0900533
1769,0.0829432
1770,0.173274
1771,0.0637807
1772,0.0483446
1773,0.121518
1774,0.120024
1775,0.161938
1776,0.122079
1777,0.0593863
1778,0.0906584
1779,0.152684
1780,0.148324
1781,0.19753
1782,0.1233
1783,0.178661
1784,0.0765897
1785,0.117393
1786,0.137632
1787,0.158657
1788,0.158292
1789,0.12554
1790,0.194647
1791,0.137684
1792,0.0723403
1793,0.117568
1794,0.144493
1795,0.137287
1796,0.109963
1797,0.112392
1798,0.126082
1799,0.0393907
1800,0.201423
1801,0.12336
1802,0.1013
1803,0.0753378
1804,0.146888
1805,0.112576
1806,0.145208
1807,0.16014
1808,0.153971
1809,0.142799
1810,0.0436949
1811,0.185032
1812,0.145303
1813,0.16429
1814,0.209895
1815,0.124698
1816,0.136664
1817,0.267751
1818,0.208098
1819,0.178069
1820,0.170383
1821,0.15767
1822,0.232482
1823,0.251586
1824,0.279663
1825,0.227908
1826,0.322044
1827,0.290794
1828,0.312731
1829,0.363465
1830,0.456087
1831,0.496111
1832,0.762709
1833,1.23831
1834,2.22775
1835,0.892049
1836,0.47947
1837,0.538462
1838,0.828247
1839,1.65916
1840,3.52239
1841,2.10812
1842,0.921733
1843,0.627404
1844,0.448501
1845,0.511999
1846,1.50307
1847,1.23001
1848,0.612701
1849,0.325035
1850,0.282445
1851,0.32404
1852,0.278998
1853,0.214793
1854,0.215949
1855,0.196193
1856,0.202765
1857,0.184623
1858,0.150532
1859,0.12115
1860,0.128453
1861,0.087861
1862,0.102741
1863,0.0877607
1864,0.120894
1865,0.139189
1866,0.0589407
1867,0.138149
1868,0.103714
1869,0.099807
1870,0.0839884
1871,0.169288
1872,0.0644487
1873,0.0558899
1874,0.129358
1875,0.0822881
1876,0.0848387
1877,0.033715
1878,0.0610962
1879,0.0801186
1880,0.0268766
1881,0.0880727
1882,0.0349431
1883,0.0579754
1884,0.0436972
1885,0.0554206
1886,0.0323311
1887,0.0715808
1888,0.103288
1889,0.114495
1890,0.0559669
1891,0.0140896
1892,0.0322647
1893,0.102132
1894,0.0614959
1895,0.0536127
1896,0.0231959
1897,0.0595802
1898,0.0894859
1899,0.0883576
1900,0.0637597
1901,0.0278548
1902,0.0320986
1903,0.0823161
1904,0.0783041
1905,0.0132096
1906,0.0214839
1907,0.043339
1908,0.0451659
1909,0.0147899
1910,0.038875
1911,0.0466679
1912,0.0595716
1913,0.0563384
1914,0.0122932
1915,0.0228856
1916,0.0511085
1917,0.0320686
1918,0.0422729
1919,0.0251134
1920,0.025706
1921,0.0512112
1922,0.0317259
1923,0.0215485
1924,0.0264716
1925,0.031924
1926,0.0224111
1927,0.0175591
1928,0.0209894
1929,0.0368818
1930,0.0236511
1931,0.0502445
1932,0.0697869
1933,0.0375328
1934,0.0243148
1935,0.0506843
1936,0.025913
1937,0.0658275
1938,0.0480271
1939,0.0432978
1940,0.0477986
1941,0.0145145
1942,0.0826347
1943,0.00978944
1944,0.0146677
1945,0.00968606
1946,0.0557858
1947,0.146283
1948,0.0459979
1949,0.052466
1950,0.0403793
1951,0.0455768
1952,0.0463104
1953,0.0387828
1954,0.0450356
1955,0.0306409
1956,0.0215368
1957,0.0205249
1958,0.0605632
1959,0.0225785
1960,0.0196248
1961,0.0272862
1962,0.0228063
1963,0.0509649
1964,0.0430129
1965,0.0415002
1966,0.0124481
1967,0.0433793
1968,0.0170621
1969,0.00958473
1970,0.0344612
1971,0.0267836
1972,0.0196826
1973,0.0708651
1974,0.0321937
1975,0.0487286
1976,0.034904
1977,0.053125
1978,0.0425235
1979,0.00884291
1980,0.0158878
1981,0.0388667
1982,0.0542172
1983,0.0345126
1984,0.00886657
1985,0.0331005
1986,0.0443225
1987,0.0348252
1988,0.0266183
1989,0.0437967
1990,0.0360806
1991,0.0487599
1992,0.0236397
1993,0.00999062
1994,0.0278797
1995,0.0426918
1996,0.0600486
1997,0.0569992
1998,0.0119004
1999,0.0994016
2000,0.0368818
2001,0.00295325
2002,0.0332321
2003,0.0506843
2004,0.0408288
2005,0.0420128
2006,0.0591152
2007,0.0522329
2008,0.0854629
2009,0.0198072
2010,0.0274908
2011,0.0238081
2012,0.019443
2013,0.00855235
2014,0.0156702
2015,0.0495093
2016,0.0562481
2017,0.0300438
2018,0.0526382
2019,0.0172288
2020,0.0555022
2021,0.00849173
2022,0.0400173
2023,0.0423832
2024,0.0181706
2025,0.0271579
2026,0.0239584
2027,0.0549028
2028,0.0319613
2029,0.0430893
2030,0.0274225
2031,0.0610896
2032,0.0338115
2033,0.0199872
2034,0.0251767
2035,0.0292773
2036,0.0452462
2037,0.0733437
2038,0.0563695
2039,0.0764216
2040,0.00975861
2041,0.0237143
2042,0.0199972
2043,0.0680671
2044,0.0470001
2045,0.0893587
2046,0.166593
2047,0.139784
