9802.95 3071.83 6501.89 2091.84 6406.57 10600.2 9378.31 1945.35 7570.57 6142.03 6453.61 6838.02 6107.16 7877.27 5530.36 15404
8475.31 2792.79 8992.35 6199.48 6312.99 7910.52 5757.58 1818.93 4998.79 5635.04 957.18 5055.06 2559.11 4287.16 2634.87 10035.9
7200.74 2920.47 6177.11 5338.25 3785.06 2273.47 3294.87 3187.14 7263.72 6699.68 7262.16 6091.29 3753.36 3599.23 2069.88 7180.36
8252.95 3532.9 4449.89 6756.67 1833.41 4550.65 1206.67 3405.69 6261.72 3594.31 3844.69 8041.25 5871.62 1687.09 2757.35 6286.19
10429.5 9812.64 5765.45 7129.36 4698.86 5571.2 2832 3606.03 6874.35 7422.75 6096.32 3762.18 4338.98 4330.01 700.118 3030.72
6309.12 7886.33 3957.25 890.222 2962.41 6341.61 8795.21 6793.71 7732.21 14495.1 16238.4 4677.24 9033.2 11005 4076.65 615.587
3616.16 4171.73 4261.08 7446.13 9640.11 12547.1 14060 8363.59 13918.6 29585.9 36869.3 25513.4 9821.24 13124.9 6641.11 1708.79
4334.5 2645.05 11068.9 16723.2 30768.1 33013.2 31680.5 23468 25343.7 46049.3 55050.7 44302.6 21341.5 9613.11 7390.17 2902.25
652.299 2839.63 13587.1 22272.8 41468 45168.2 42661.9 36879.7 29826.9 46235.8 53631.7 38427.2 16480.3 6284.89 7534.2 3566.31
4432.92 4216.29 9999.41 15892.4 37304.5 41667.8 35835.8 26855.2 20821.1 24022.8 31859.2 20881.4 3877.93 6784.44 7940.65 3150.48
7457.15 3368.24 4799.15 6152.87 20337.6 22456.5 17524.9 8755.31 7147.22 2207.42 9412.63 7407.11 1758.26 3064.02 6267.02 3287.67
4326.3 5432.53 3116.02 4082.84 4138.12 4544.39 6083.97 3852.15 4080.23 5400.2 3283.07 4175.98 5017.31 4321.87 3860.18 3789.05
3809.53 5845.8 2284.08 6869.43 8900.59 1949.89 3486.89 6031.96 2285.06 7746.71 6974.22 3182.14 6528.69 6618.91 5215.77 6005.09
1486.45 1487.62 1717.08 2364.12 2395.3 8626.91 5464.63 4289.36 3560.64 5796.65 1468.11 2753.51 4373.75 5676.11 4194.59 1887.72
4881.19 910.398 2808.1 5024.76 1978.12 5366.13 1824.88 4259.58 2346.04 9129.51 4533.14 5790.54 7095.9 7614.1 4999.42 5537.49
7546.23 1800.8 1629.19 6156.72 3079.65 4881.76 5721.9 3151.89 4733.31 6504.31 5036.36 5437.03 10736.6 8988.11 6131.98 11996.5
