5531.82 4360.28 3558.13 6063.18 7989.16 4071.19 4964.83 3044.09 2520.86 2386 6528.1 5039.91 8700.44 1883.41 5622.93 6075.23
7486.64 623.175 1217.18 4599.83 9942.91 9727.23 5879.37 1950.26 5592.73 1593.57 8711.31 5922.42 3140.43 5465.79 6122.53 8981.97
5030.91 5812.76 4970.77 2163.05 6023.43 6086.4 5161.11 1744.76 6314.49 3661.87 11052.2 3841.36 3608.8 7186.31 5919.22 11565
5718.25 9904.46 3341.89 6272.89 5081.09 5573.7 1238.34 2955.1 4695.26 3043.3 7106.12 3521.09 3557.55 3283.14 1820.1 3127.35
5342.46 7410.23 2457.09 11591.9 9550.41 9376.6 3168.16 3285.98 2424.08 4099.48 4568.22 3435.76 2907.51 2653.5 5122.96 3841.65
10288.4 3737.98 3888.79 11328.5 10263.3 9931.33 5510.38 3291.8 4358.62 10295.5 11874.7 10923.7 10059.9 3608.44 6700.84 11480.9
5202.18 3991.06 3551.11 8229.01 6862.63 14092.2 12832.2 11556.1 13090.7 22448.1 31362.3 32788.3 23853.9 7156.78 9303.81 5878.18
2817.89 2670.34 6490.32 7335.98 12218.4 24126.1 24284.6 24077.7 21521.4 37787.9 48156.9 50180.2 33442.7 11394.3 6563.5 4454.11
5179.9 1969.75 4659.01 4710.74 16273.2 28620.4 29571.1 30754 23694 38850 46707.2 45604.2 25770.4 6204.85 2149.66 1979.82
2817.5 5926.13 5088.46 4194.42 12918.4 24731.5 26124 25761 15904.1 20000.6 25670.9 21230.4 8152.1 2390.29 3619.7 3804.09
1650.15 3786.41 8075.28 5349.22 6510.44 15941.2 16123 14379.9 6612.86 6049.09 4791.93 3559.25 2832.53 3306.06 3192.4 3563.31
2085.11 5039.3 6062.11 6599.09 5319.78 6917.61 1738.66 4090.38 4781.39 4186.81 5873.28 6904.54 3156.23 2566.73 3252.86 5753.58
3093.4 4346.63 3479.65 4811.66 6509.57 3234.7 9182.9 4983.75 5221.72 3527.76 7660.79 2383.3 4177.62 2363.84 3503.82 7153.27
6415.9 2792.61 4546.72 3050.66 2083.08 2220.42 9441.74 4855.4 8217.3 3862.38 9857.31 5108.25 6466.23 5707.87 4440.82 8054.82
5670.26 166.758 2101.94 1486.75 3297.3 3115.41 9424.81 6915.38 6739.52 2837.38 7050.36 1396.49 3111.6 4756.05 2678.74 7421.15
2467.74 1559.27 2324.38 2699.97 2016.01 2680.16 6592.41 4233.58 3780.91 1521.01 7337.37 3244.5 6550.3 2057.38 5492.42 6026.4
