469.603 -632.686 -1145.68 -507.226 365.592 878.875 -452.523 -231.705 272.113 464.566 539.366 -514.488 -545.763 -15.4229 192.806 31.4335 -495.921 591.938 -192.875 -604.972 326.98 780.151 738.772 -802.794 321.845 -192.752 48.7057 -291.939 164.053 -109.955 -70.606 289.905
63.4898 -145.534 -187.018 1108.8 -95.1683 -155.188 338.233 301.529 -479.747 -297.382 50.6878 -1112.87 343.246 434.124 -413.102 533.682 1168.35 -197 141.821 149.203 -258.071 -405.661 -596.633 -210.824 -20.7207 -373.605 -556.969 53.7901 943.614 -332.141 1017.54 -29.0626
1249.2 221.54 -131.201 -806.99 329.766 -104.742 168.507 -820.417 -1403.68 -135.468 805.808 -628.738 -728.699 163.475 162.362 771.662 -333.151 86.0293 371.265 398.975 447.056 318.517 809.671 -494.787 175.586 279.399 68.6021 274.061 160.433 -227.618 565.357 449.003
-777.587 344.352 -67.1538 -283.776 -182.309 -153.696 102.749 -139.23 -62.7988 330.433 -435.4 -308.949 274.793 -211.19 -821.393 -195.138 477.119 642.365 -617.686 -297.516 570.674 306.966 -77.8168 -196.25 -504.852 81.6652 366.906 94.6661 228.98 104.207 -453.892 743.43
-560.029 -244.947 369.54 -173.128 -454.83 -1670.18 -349.668 505.691 -1047.15 232.511 -407.147 307.62 612.428 -364.137 88.8316 155.997 -57.5475 628.638 -1223.92 50.3908 -238.503 390.773 1078.62 -210.804 -16.6346 565.473 444.079 470.147 97.3917 342.415 322.958 -17.3187
1699.46 503.542 1295.84 -1823.19 -216.954 -1373.98 -1254.63 -180.306 -661.063 1228.73 -151.805 1374.56 -207.673 301.909 -102.766 335.966 1257.7 -444.227 270.597 539.822 498.781 179.044 202.612 58.9948 314.229 372.186 148.498 -217.522 -106.904 -729.824 239.949 -382.906
886.059 -970.518 800.152 -2174.59 505.967 -2326.56 -311.583 -1002.83 -117.043 1552.51 -681.448 510.631 818.017 812.068 -314.463 -384.632 205.425 208.363 -961.346 184.726 16.9645 303.156 1242.71 -255.757 -413.993 -239.903 -168.941 840.87 388.325 598.23 -190.412 -23.9076
761.555 -618.489 1217.57 -2145.21 798.943 -4147.68 -56.5394 -2379.18 -501.944 790.381 -343.627 1496.8 538.481 906.115 -493.331 -713.342 -688.609 419.261 -392.555 -649.694 55.1698 12.4683 -696.044 693.771 -303.065 143.423 -48.0323 -481.226 620.83 -600.512 500.245 907.759
474.243 1644.09 1845.36 -1356.84 1960.49 -3681.9 1790.55 -1989.35 -1440.57 567.452 -1598.83 1325.29 -1055.31 61.0082 988.695 399.74 -115.736 549.868 726.053 1247.63 320.816 1448.86 -796.179 49.4117 215.076 -831.901 705.916 -677.244 418.265 -518.003 378.468 -334.165
-892.732 -83.6938 1558 -1366.98 2758.56 -2861.86 490.777 -1690.55 -333.259 322.929 -1008.37 1707.45 560.012 734.923 -305.221 -248.311 257.913 -804.593 -37.0918 71.7251 623.731 -552.615 -1186.51 -601.418 -163.293 431.144 -224.753 87.105 -280.406 930.566 955.284 165.815
-319.713 42.2965 409.905 -246.272 2016.34 -810.531 732.089 -2403.73 -545.635 -843.483 -234.764 1365.89 -563.531 460.926 739.57 -305.036 604.761 -564.767 -774.741 395.023 -15.5046 887.226 226.159 299.89 -225.118 642.196 985.695 11.6895 76.4892 75.3422 485.175 -479.033
-20.7165 303.557 649.917 -15.6594 1835.03 -858.706 -196.176 -762.006 -21.1326 -894.166 -228.256 1026.02 -17.4071 401.48 174.397 37.7264 225.736 550.052 -638.361 62.7471 -138.577 650.27 780.823 -770.297 -933.378 -218.334 625.927 -443.856 -495.046 -374.019 -784.803 -577.05
1269.13 -207.493 -1667.37 -130.026 959.414 -156.366 956.333 -1042.11 -694.177 211.016 -53.4888 -198.449 336.06 93.4695 464.083 -874.895 272.311 447.7 -288.198 -301.97 -902.119 769.041 611.235 310.996 -390.774 -43.5019 679.551 11.3319 28.4423 -423.174 253.162 250.459
-96.0305 -324.862 522.954 -588.241 378.252 861.462 -96.782 201.426 -955.137 210.852 -107.69 -1141.4 -462.428 -492.097 115.135 -184.871 -747.941 95.7006 144.693 1182.89 273.41 -478.238 294.529 -847.525 -246.628 -357.816 421.578 1401.03 -6.38731 64.7504 703.798 441.725
-565.947 -810.469 305.428 -1019.13 313.437 -97.3986 -392.466 181.16 79.3037 -433.957 723.171 -149.156 -23.6731 126.729 12.4956 -214.226 -870.318 -30.7911 -423.663 -417.99 -226.63 -458.139 -51.1781 504.204 -22.6526 -83.9447 -459.298 149.654 -1294.18 -985.964 -22.1956 545.543
-555.647 929.748 1152.88 -701.115 -104.335 92.1714 -399.099 -374.154 -3.95721 -793.936 240.047 438.157 179.482 37.1598 428.995 455.583 608.944 1225.35 -190.525 97.0062 186.702 -327.489 488.871 337.984 71.8328 279.257 356.997 -450.495 443.136 -830.948 -225.713 -161.078
