-272.352 -180.993 -224.505 83.2367 470.65 946.285 603.703 262.477 706.423 -455.453 292.419 -579.052 -807.359 -213.478 -32.7271 -601.379 -728.178 -244.156 167.277 -228.365 331.977 16.6826 -200.986 -1045.4 300.822 306.809 -57.6483 200.295 788.504 -150.861 -381.725 -373.314
-913.001 62.4178 653.928 -58.1619 396.463 675.218 34.4791 1209.39 905.561 -98.7 546.732 -339.473 361.116 307.773 -892.954 -579.663 822.922 -629.511 6.76501 -37.9624 -622.619 -470.093 60.4823 -523.327 -340.153 -709.416 -956.017 -322.764 -70.9752 555.926 1953.31 -693.734
1172.94 395.909 -700.602 705.741 -272.582 46.7738 -284.73 890.262 274.71 34.9038 332.493 334.872 539.7 -565.567 -506.114 70.2408 -536.443 -301.933 374.308 418.177 156.85 -441.705 -459.103 573.106 41.4516 366.502 287.291 201.126 848.146 334.106 -105.837 438.366
1021.41 301.807 197.778 1366.39 -236.77 -539.465 471.001 -1491.58 -430.57 -129.048 166.982 324.093 -23.4663 40.4142 -341.899 309.682 -476.426 -58.042 -640.435 -216.894 -149.148 379.587 611.111 -3.92102 -775.914 -383.013 -92.0896 3.1024 -799.162 954.468 155.807 40.886
760.058 -11.8469 769.514 -1110.26 1586.54 -746.179 -542.074 -55.318 -70.6947 742.256 595.781 474.121 362.011 -126.741 -1059.29 -468.453 -421.888 1275.57 131.729 687.146 226.476 270.18 5.15256 -16.9422 -478.315 -113.902 -341.597 -362.068 719.014 366.684 108.137 461.36
-735.839 80.1783 956.361 -2158.05 1762.71 -1563.23 384.26 448.75 -1138.89 1075.55 -1120.48 671.414 784.482 778.419 -551.612 672.043 255.581 -646.762 -634.743 99.9287 -197.886 745.525 -544.746 355.805 431.215 204.219 -247.358 -230.067 203.338 -15.6055 -538.328 -425.956
-126.501 -215.543 1984.8 -858.371 4214.1 -623.215 458.113 231.84 -1434.15 -1446.53 -1662.25 -1558.17 -456.419 735.184 67.4816 298.003 -64.1656 198.744 -499.46 -356.013 203.768 -1303.12 336.062 695.89 -176.611 534.026 515.706 134.259 9.12134 -415.099 282.669 999.647
604.764 215.781 3155.92 -1207.28 3961.83 -974.45 2347.57 385.143 -1525.7 -774.641 -2016 -1134.51 -1859.21 -674.875 221.007 980.926 -1074.33 147.647 -72.9431 376.522 7.16223 102.521 97.5696 289.723 465.285 1060.99 442.043 -239.223 -346.981 -674.407 889.277 -219.71
-727.287 161.488 2321.54 989.381 5833.5 -347.295 1503.97 996.125 -571.547 -464.442 -1403.46 -1100.61 -465.142 -258.349 -253.592 700.374 628.17 1039.08 205.051 272.301 563.003 192.791 143.332 343.814 -1517.81 52.4308 187.757 -803.385 975.788 99.9464 587.735 -893.423
-1665.36 1381.4 2352.53 -788.531 4072.17 40.5748 2318.94 234.71 -234.42 -461.204 -908.812 -1249.52 -1572.61 -171.922 -172.449 -143.837 -58.5756 442.395 -304.678 -672.52 444.432 -345.727 -0.788086 81.8577 1175.48 471.889 -288.617 76.9069 -219.592 401.748 -237.855 -96.6081
-974.957 -452.925 664.136 76.4093 3462.42 865.375 3147.31 745.768 -129.838 -402.505 -617.487 -1259.58 374.139 -561.613 579.412 16.8655 -258.127 808.393 222.454 -260.57 145.151 -248.98 767.895 513.251 -878.474 -719.447 -78.0327 442.639 -217.044 -0.296387 -51.9374 -292.832
-647.107 348.634 311.007 -123.541 1908.71 -729.898 2709.49 -84.4062 -32.0105 -440.831 -531.844 555.003 -1266.04 15.4836 65.2182 -226.873 -249.823 136.693 -98.5503 -24.6826 128.439 -250.015 -618.57 -268.713 -1040.13 264.709 -575.559 -113.843 -631.504 102.019 -383.301 -95.9201
1389.72 -431.7 -527.763 -8.248 1826.01 -194.924 1676.23 -36.5447 795.547 -1109.46 -481.921 -892.189 -318.285 1073.03 267.296 -424.643 -168.627 447.508 -200.055 323.808 -597.302 516.379 -622.504 -415.719 775.096 -227.153 -340.714 51.197 73.2663 488.869 759.301 350.005
32.3276 -354.649 274.216 -595.313 65.8991 202.539 -944.483 519.138 559.289 -521.707 -341.103 558.46 245.051 609.687 -288.928 937.54 577.455 -607.621 -354.738 -406.74 -280.14 71.8229 -768.089 -418.687 -434.12 174.887 -172.213 -218.134 -187.042 524.133 532.713 16.8534
-222.564 459.747 731.746 -226.223 -1094.89 726.749 -884.825 -256.715 -869.773 32.9133 332.417 -493.059 190.113 291.25 -346.949 -93.3917 -696.338 -589.914 87.8279 998.468 212.281 488.161 -290.443 -29.4935 -229.203 -130.268 -372.809 -461.446 884.697 1016.92 -784.055 -1167.37
627.158 -242.808 673.867 -624.659 -250.688 -47.0082 -94.9491 -258.483 -204.96 -126.603 -97.2994 957.348 440.998 -113.325 -224.495 792.105 -59.9056 -1021.77 150.721 1348.59 -999.822 -296.386 345.946 -1054.27 -560.32 -586.909 113.335 593.865 -159.117 96.0533 -546.893 -891.157
