1281.53 1202.43 2694.18 5225.62 5004.55 5701.32 4973.27 4119.59 3124.13 3760.78 1793.6 5272.97 6402.88 3574.62 2599.99 2481.02
1957.19 1970.86 6956.08 8555.87 6425.23 7292.72 7676.2 7871.49 5538.19 4774.25 7026.74 11454.3 9421.89 5245.33 5506.19 4194.29
1273.66 4762.57 9165.54 6885.77 7247.57 10862.3 11806.6 10864.7 6898.4 5243.77 5841.44 7547.7 6488.85 4861.7 6047.79 3137.29
1336.17 3779.84 6732.99 3517.8 2965.4 5415.78 7060.19 6206.87 3942.77 2857.47 6353.35 4554.02 818.201 574.618 1580.38 2254.67
3110.85 2564.1 5795.56 5984.13 5961.77 6462.65 7729.25 4311.31 1289.65 3416.47 7662.07 7989.44 4863.45 4048.31 2066.32 2973.51
6241.25 4765.99 1246.05 2587.24 7941.18 14770.1 16083.4 6861.81 3407.39 6340.89 11947.9 11447.8 5685.51 3254.72 1974.15 3919.38
8241.73 6861.55 3427.59 8016.11 18167.7 27795.6 27700.4 10912.2 5975.59 16909.4 28444.8 26546.5 11169.7 3439.59 3783.28 4989.98
4638.45 2898.26 3888.9 11219.6 28090.8 41902 40286.5 18358.3 9717.8 22458.4 37504.4 33098.1 13835.7 5547.16 5716.73 3189.55
4101.67 869.734 2167.99 8674.83 26647.5 41123.3 40418.6 21067.3 9119.53 15994.6 27960.7 24466.7 8793.43 6121.05 6915.25 2341.15
3836.05 1577.99 490.544 5797.35 17354.4 28059.8 27403.4 12498.4 4966.49 7762.95 16525 14440.5 3437.95 1615.87 3893.85 1691.63
5359.68 3753.97 610.963 3401.04 5586.27 14667.9 13633.7 7247.53 4827.41 2766.7 6628.65 4033.9 1471.47 3470.74 4864.51 5792.09
4957.23 3504.56 2161.43 548.297 5526.18 10740.7 8739.74 7027.08 4189.41 1411.74 1237.86 1934.24 2554.13 1539.66 5665.59 7477.92
2194.17 911.036 2628.72 5552.55 3990.45 2433.3 2246.92 1660.9 1691.42 3175.53 6132.88 4126.31 4462.94 2397.72 2486.36 4253.56
4295.6 4309.71 1050.14 8055.01 9996.47 10548.7 9452.91 5524.46 2918.02 5778 8279.66 3123.59 2772.62 2268.45 2216.13 2324.16
5234.47 4526.43 2003.36 7697.49 10275 12193.9 9239.05 5387.52 3932.64 5764.71 5922.95 5154.16 2376.22 1752.76 3705.7 4132.94
2851.36 1138.44 3432.52 5806.97 7173.39 9795.25 7569.9 3125.16 2022.01 3072.93 4238.23 3715.2 2049.02 3598.39 2778.44 3268.7
