1079.26 1018.67 -519.765 111.455 -1034.74 235.633 515.997 -775.492 447.311 -718.087 -591.218 75.7184 51.8 -56.2989 437.595 265.806 -452.948 677.341 -3.15472 -191.869 -493.686 -412.358 90.049 -239.493 1180.19 -1365.22 -445.26 -22.9812 -493.313 443.517 -140.894 1034.09
1545.5 1499.19 -83.5195 343.209 -259.002 -378.83 1550.79 -974.045 894.85 220.544 819.411 -222.131 -279.256 -467.787 322.546 -71.6779 -423.063 71.5061 209.95 787.815 502.505 -205.237 -440.91 14.2477 -367.703 429.987 -271.904 -246.141 113.449 484.459 350.97 -434.555
218.021 -1688.12 -1363.87 -180.471 162.594 433.835 94.5907 468.539 363.659 -484.36 1420.1 -949.652 252.714 -471.192 508.719 393.09 -330.602 1202.96 175.008 4.12128 -292.828 276.092 -209.17 -589.572 -121.097 -242.284 119.115 31.0847 -642.207 -122.19 1126.28 -270.179
426.003 -160.723 -958.436 -494.795 -38.4326 326.98 187.521 285.208 424.919 -159.209 409.534 -500.758 416.681 -335.915 741.003 29.6197 127.491 -236.566 -518.447 192.585 -459.869 59.653 195.251 32.3209 142.959 79.5095 -489.906 501.569 -28.1759 664.543 499.555 1020.11
17.0486 877.403 -389.335 -111.747 210.072 417.21 728.577 953.056 -732.308 -636.185 -38.8428 89.0323 783.42 -45.7945 1159.55 -201.881 881.561 -1052.9 -463.262 -1221.49 -1010.77 -84.1963 350.582 731.541 -42.7526 833.836 -278.44 760.192 1202.63 182.298 152.401 212.072
-275.669 -484.763 35.5197 420.463 -1129.07 587.586 -993.872 -8.21952 475.854 -220.602 -1187.61 -12.6689 -767.178 -795.682 541.33 -419.541 1708.67 85.4695 1457.92 -611.951 279.395 198.535 -1071.71 -30.7301 -1833.88 -296.145 -114.376 695.532 157.269 1523.67 -83.0182 -399.499
-134.43 -473.885 -1163.19 -46.8054 525.904 683.809 1222.97 270.628 -270.348 -100.884 -830.088 1811.88 -268.332 1283.77 65.8519 180.81 967.957 -2916.4 543.083 -1508.39 471.988 -571.102 -859.985 549.346 -1073.21 208.097 683.332 994.688 15.317 -851.102 -1908.43 471.754
-63.67 -960.771 -389.314 171.033 70.8534 777.375 -294.471 -832.688 1162.56 -176.064 480.487 2380.72 -1477.31 649.14 -778.385 468.157 755.096 -2114.56 812.112 -3398.59 821.8 -1794.91 -487.841 491.308 -748.692 1546.19 146.363 1566.25 860.513 -276.436 425.78 1208.84
-478.079 -1478.57 -545.911 -1000.24 36.3823 887.656 1170.58 319.138 9.25085 322.6 -887.387 1544.39 -2204.2 2219.3 -1384.13 592.012 1909.03 -2352.74 3009.67 -922.811 1558.69 265.839 -1296.79 584.819 -1109.78 791.118 -2530.15 228.172 522.845 46.5313 -351.968 -66.2435
844.346 -1301.12 -259.746 266.115 -71.9146 657.041 574.366 417.738 -284.622 -166.19 -71.8458 630.137 -1741.69 1372.89 -1718.98 502.472 867.456 -960.555 2514.47 -2315.64 1669.65 -593.856 -429.45 692.229 -1970 313.824 -685.239 883.129 493.659 -202.502 687.473 502.77
-54.1983 -673.84 184.083 -169.498 -758.825 235.458 -944.867 427.844 165.361 269.233 76.7025 733.554 -1632.6 -167.584 -859.622 -1294.46 836.753 -37.949 3049.9 124.98 1187.71 1572.19 -739.604 -267.977 -1062.45 -248.449 -225.458 787.541 38.0461 295.828 -71.8291 -1048.21
-310.569 704.347 858.495 -515.606 -641.042 109.814 -467.547 341.318 -414.302 259.842 -164.8 -345.624 -1070.48 -150.742 -986.805 -988.72 1509.14 -615.242 1300.8 1592.07 -761.253 1782.9 -564.89 -477.241 383.419 -81.5203 -16.0627 -502.207 -100.254 -913.994 -1036.49 -502.578
-91.2047 1447.51 237.817 -2.78581 -322.549 -571.114 -335.825 415.443 -285.499 -202.473 -32.4322 -595.01 -82.5455 -961.507 -941.299 -808.967 435.156 -743.747 588.991 262.607 560.042 458.187 1084.02 441.679 -342.308 -1218.47 551.189 -32.4501 -514.343 559.113 -594.594 205.039
-98.517 -224.995 -314.823 -162.085 -383.794 -210.388 -595.202 588.883 -210.508 150.507 91.433 914.323 -389.004 -484.24 213.701 -399.317 -308.823 -986.759 -3.68761 749.079 225.062 584.983 110.939 791.384 118.572 386.24 -202.577 -206.54 99.7545 97.5895 424.378 589.807
-844.044 900.75 104.368 791.203 109.456 578.18 -94.9605 -1002.53 -710.916 205.263 263.214 97.7702 76.8851 -419.976 1465.02 566.97 64.8318 323.282 -775.116 1084.46 -177.386 -190.288 -146.705 94.0771 467.795 -343.208 -257.209 -481.478 -350.483 755.696 87.6051 -98.32
-64.3225 -308.998 -46.0898 -908.223 96.3763 59.1387 -689.353 -407.023 -826.057 -632.684 151.736 -474.97 293.587 -1006.12 734.719 77.8585 -249.545 -754.99 -623.115 -208.83 -190.157 -140.636 -1076.37 27.1875 -797.543 113.305 -183.993 574.014 -287.489 -28.1534 287.122 739.175
