1179.43 3459.94 2786.08 3941.81 2338.4 5501.61 3829.19 3549.89 3621 5571.26 10304.5 5731.16 1751.28 3159.82 1576.11 6677.13
2886.55 2478.37 4608.57 3687.27 5231.34 7291.03 3672.75 3286.58 3494.75 10326.6 5556.96 7569.05 1862.99 4611.53 6820.54 1651.01
2028.02 3289.49 5350.35 2630.71 2102.6 5996.95 4358.85 3105.93 2702.27 7958.13 2438.15 8967.52 1376.43 2416.52 6658.04 8600.42
3384.99 3909.53 5962.55 1896.31 2532.1 5407.1 3259.22 2382.43 4513.71 3588.45 7505 6617.75 4503.75 5756.26 4461.71 13577.3
5235.18 3047.15 5614.18 2361.03 1573.23 2935.25 890.956 5778.34 6750.26 5648.67 8731.77 5150.94 1882.07 5486.74 5696.03 11158.1
3682.51 4544.46 2084.4 2569.09 3968.04 3414.47 3752.73 9121.57 5887.91 7864.96 14409.1 12543.8 3061.04 5419.01 9646.71 9563.07
5096.85 8513.02 4288.22 5296.09 11365.1 18056.6 13217.7 13000.1 9976.49 30271.5 39518.7 31031.7 11901.2 7518.19 9657.26 8059.87
2869.86 11085.1 8433.34 12660 24565.4 36982.8 30381.9 21384.5 15492.4 47674.6 62068.2 55904.8 28059.2 4765.31 7775.93 8001.33
8315.55 12339.4 10062.8 14897.2 32684.2 44543.7 41502.4 26438.6 14807.9 41317.6 56076 51839.6 31624.5 12887.8 9645.18 11047.5
12112 12661.1 12835.6 11573.3 31051.1 39010.4 32889.2 19683.6 13980.4 22550.9 29296.3 23832 17312.5 14687.3 10240 16032.2
11192 7874.21 10956.6 4700.88 16010.1 19453 13970.8 8963.07 11966.8 9010.51 8653.32 6811.94 6484.86 8074.03 9855.93 16758.1
8328.99 9751.61 4889.42 4586.98 520.926 4168.27 7096.11 6244 5684.31 3557.89 8571.76 5148.81 3474.59 3455.77 8719.58 9921.24
4888.59 7145.2 5678.83 2092.71 3225.58 5973.8 4382.6 4386.94 1892.7 3887.2 12607.7 11646.5 4510.73 4762.07 4348.79 2602.65
3098.74 3392.35 6493.35 3694.66 7088.99 8948.92 7451.56 4892.95 3331.91 5482.27 8059.67 11615.1 5931.33 4244.64 5718.33 2870.56
8826.83 2984.76 5243.06 1648.94 4817.46 3968.56 5514.36 4757 693.98 5575.68 3813.93 7257.75 4903.41 6619.81 12546.3 10120.1
8802.55 8288.59 5055.34 3146.9 2086.95 6406.18 2586.43 4024.54 2811.89 5225.79 7886.99 2120.66 2532.75 4293.83 10736.3 14971.2
