-1994.44 -1318.82 28.8205 -81.1561 65.9885 587.647 -257.34 1040.43 -1050.62 207.275 93.6829 171.688 -275.023 -205.491 301.987 -128.427 -85.2056 799.389 -1094.73 692.122 444.187 261.622 -318.32 154.668 509.302 152.592 56.8019 -323.714 -208.856 403.027 159.042 -608.733
213.519 -1662.33 148.394 1237.22 479.404 -575.134 -1046.21 -433.23 801.576 15.9736 -162.186 134.612 134.074 671.174 -18.8319 58.5675 645.997 1361.28 -110.87 -130.269 -689.126 -568.817 23.2974 418.503 -684.869 -194.685 406.541 -127.275 53.7814 779.588 347.112 348.697
-680.348 752.723 -174.113 343.312 251.837 1114.32 298.921 -724.379 503.296 335.455 -49.5661 -341.839 579.345 68.1229 -99.1673 -157.443 -5.56195 -1522.98 -761.852 -163.354 -425.992 -141.549 -476.825 60.0092 217.636 707.716 162.153 598.469 1162.58 -176.108 -461.602 965.085
564.67 -1103.27 -225.637 240.051 992.499 67.7665 -80.2205 460.38 -317.285 -591.771 -338.532 -362.171 442.678 576.363 101.923 702.285 -166.329 -205.623 -994.284 -496.66 -11.4331 -519.033 292.189 -289.492 255.444 436.379 161.106 -267.165 -799.842 -152.677 -366.791 -53.4527
557.506 689.167 -196.704 -747.182 738.664 49.2659 1114.81 -1195.41 -175.852 293.151 -872.249 763.572 49.1382 287.02 67.6943 -71.3305 -377.978 119.041 -394.386 104.783 -142.081 91.2354 -101.375 -180.889 -9.12418 -231.845 181.326 -461.05 -801.144 74.1985 -239.301 387.296
3.08252 1488.94 106.454 -7.62299 512.418 -1590.54 783.841 -1590.36 117.221 -559.71 -1143.24 908.603 -480.556 720.897 751.177 327.255 -2134.95 -48.3248 -415.125 996.631 662.331 626.857 -316.528 61.7715 1033.05 -357.864 -18.4471 -303.925 -170.779 967.139 -576.41 -518.106
-527.033 1924.22 275.988 107.827 1440.65 -898.39 3148.92 -1251.65 1136.98 -1631.9 -927.517 -34.7355 -1065.33 411.761 -415.345 -513.703 -343.776 429.025 -709.308 -644.462 595.168 1398.36 -824.797 -1009.96 201.951 278.615 -533.984 341.706 -387.402 173.177 -394.129 -588.848
880.719 915.679 -1904.78 599.657 3326.02 -1279.65 3579.51 -3254.11 1207.74 -863.329 -1710.63 -306.14 -2635.41 1818.44 -290.952 520.52 449.135 936.67 919.783 -337.486 518.762 -821.114 -787.338 -181.034 144.589 -81.112 126.531 -386.824 -261.426 -605.669 -488.71 1284.65
796.349 1128.48 -1169.1 1112.39 3143.67 -869.079 3683.74 -2421.39 1820.04 -1312.89 -223.156 25.9289 -2220.43 776.2 -297.538 103.279 -22.7802 -491.61 -162.201 937.421 -835.961 211.268 -268.802 -142.103 -11.3141 -66.6744 -237.601 741.369 301.14 100.973 -625.19 -384.205
77.4586 1045.88 -1835.39 501.568 2684.33 423.671 4254.09 -1173.49 2513.64 -746.364 -584.464 306.03 -2632.09 -486.026 -1143.44 478.678 -978.005 -192.494 49.4842 0.917313 -1403.17 -338.332 -818.539 -762.313 -640.011 -538.119 -275.827 608.459 -551.695 -325.027 -675.629 648.309
-492.201 -1210.83 -2495.73 1767.93 1691.03 -784.271 2915.09 -21.0802 2548.03 -927.427 -68.8805 -807.573 -1296.96 -351.204 -817.754 -675.474 -1006.8 -194.338 -595.853 164.032 -783.254 245.714 627.809 -257.384 258.382 546.763 622.423 792.094 -901.813 552.748 1005.49 475.661
-1061.96 1189.87 -1473.24 1390.67 -126.856 194.574 2106.92 -1119.23 1223.55 -1240.97 33.1627 841.181 -327.846 344.007 -443.13 167.225 27.6965 -409.702 187.672 -1280.19 -115.221 -930.747 -1305.78 -527.322 -576.608 -828.838 -705.423 -1211.05 -625.902 -645.528 1044 -944.804
-1037.47 -792.071 -736.193 545.233 61.8969 1484.3 336.743 1030.86 708.351 -398.649 -450.661 -298.066 248.715 322.192 -254.721 539.471 276.933 837.403 -533.81 196.075 780.721 -485.046 -935.72 -1231.76 33.8754 715.876 221.516 997.682 338.199 698.651 -1234.9 -712.642
-1140.96 -527.429 745.769 258.825 -286.884 672.556 -219.152 1049.55 416.96 560.536 770.062 -407.249 -55.3254 -229.569 -294.02 943.952 470.816 -447.279 -787.466 50.2092 -631.342 -336.246 -808.839 -651.938 250.536 -37.9004 250.727 -19.5174 240.026 -1060.37 -99.8626 -1183.12
-240.975 616.167 -200.526 -422.811 -111.618 376.483 -408.052 274.307 904.395 767.361 177.111 -99.424 332.722 -225.233 -418.019 663.088 -585.782 501.071 1150 293.865 -223.107 -584.09 -106.004 83.4188 90.2306 -317.187 -1118.01 713.037 -1096.22 -302.065 200.892 -638.044
-17.4041 -217.791 428.69 286.898 -44.7155 -258.167 -521.743 -978.555 -1291.04 -414.823 -1194.85 51.1066 300.06 1638.96 732.492 -305.214 -452.859 -572.279 249.382 27.8697 558.685 503.057 -162.932 400.26 154.054 -630.133 -107.047 -849.104 284.37 -84.3464 -48.2885 -488.497
