2441.13 768.16 3591.97 1641.72 3834.55 1686.52 1479.62 1490.26 1427.76 4158.35 2179.9 4151.47 3075.74 4365.78 3605.06 2720.63 2469.59 3275.61 2414.41 996.693 3030.29 5431.72 3436.1 3210.67 2146.2 1565.51 2316.91 3846.8 1484.59 819.42 3050.41 1229.46
2600.45 722.551 3013.67 1947.81 4822.66 4290.56 4778.99 2803.69 1535.37 2808.82 3539.54 6754.36 5266.95 4321.77 3229.05 3205.81 2756.58 3760.9 4009.76 1296.87 1435.47 4626.74 3267.86 2583.79 1340.6 1079.5 1260.97 4356.2 3139.85 1640.88 2354.42 1505.12
2894.27 2542.27 1141.38 1691.23 4887.78 5185.56 6193.75 4778.07 3930.36 305.701 2674.29 5437.49 3961.48 2276.23 1793.62 3324.02 1691.56 2110.92 4826.53 3461.52 1846.37 1208.02 2031.57 1761.08 1781.9 906.35 1206.35 3690.06 3637.16 3246.07 2849.67 2062.09
2388.98 3538.64 974.241 1428.24 3714.16 3862.74 5131.42 4997.5 4743.69 3289.04 1164.52 1560.05 1814.55 1692.8 181.452 3344.15 1716.74 1428.33 4525.53 5583.87 5826.36 3906.85 436.706 959.536 1649.75 1391.93 1309.11 2315.98 2810 3297.05 2613.18 2451.81
1460.07 3186.91 1568.29 2060.6 1913.65 1761.25 2433.89 4049.06 3830.62 5031.49 4069.68 3893.29 5016.65 4401.67 1529.53 2990.35 2381 2860.57 3507.85 7229.22 9083.48 6989.67 2848.77 2038.23 332.696 1272.46 1632.63 1933.24 1539.55 2632.23 909.734 2451.55
1193.84 2337.3 2113.04 2537.09 1247.73 2447.43 809.297 3609.72 3420.06 4426.89 5995.62 5530.41 6644.49 6317.2 3054.88 3015.45 1355.72 3791.36 3368.49 8056.84 10337.6 7231.37 4304.02 2963.01 1309.29 1619.83 2284.75 2663.48 1581.45 2571.84 1907.18 2326.37
835.329 2051.49 3247.56 2390.05 1276.33 3440.45 1911.34 3942.43 4973.42 2732.2 5928.24 4337.67 5705.19 7147.15 4627.49 5407.77 1039.13 5006.23 4947.34 7999.6 9155.55 5461.96 4430.39 2359.37 1116.33 2107.36 2328.39 2562.91 2125.26 2187.94 3171.39 2500.38
1142.4 1923.88 3478.51 2261.48 340.551 3226.11 1380.32 3909.38 6110.66 3053.86 4547.29 2721.51 4020.9 6954.43 5319.71 7848.57 2948.39 5737.13 6755.11 7550.84 6309.91 4119.07 3812.69 1053.85 1358.01 2226.42 2488.83 1361.35 2058.03 1413.13 3108.1 3063.97
2474.09 1737.49 2731.24 2362.9 1315.88 2424.86 270.97 4341.81 6627.83 3676.13 3011.54 1910.26 3337.8 5960.44 4528.05 8024.28 2985.5 4780.83 7813.78 7555.2 3571.06 4409.35 3036.27 2359.07 3987.02 3463.63 4453.13 891.914 1574.17 1813.37 2412.95 3646.52
2842.92 1569.31 2511.37 1960.3 2112.6 1602.89 1710.94 5797 7585.34 3815.43 2987.24 1817.92 3628.42 4723.64 2814.29 5627.14 1401.83 2732.15 7844.02 8295.93 2905.13 5528.49 2922.99 2491.38 4665.41 5023.41 6532.03 2135.39 1445.41 1398.31 1168.54 3665.95
1791.3 1311.94 2368.57 1130.81 1604.97 1421.97 1844.3 6403.29 8478.07 5202.32 4767.54 4580.66 4912.22 3921.24 1715.64 2410.59 2680.82 4303.89 7726.98 9601.3 5666.05 8294.39 5744.28 679.33 1931.81 5081.45 7108.29 2534.7 1990.01 850.419 1019.47 2541.73
1328.19 1723.34 1322.38 1460.96 955.972 2633.12 1116.77 5136.64 8803.42 7113.29 7094.79 7530.34 6756.82 4155.51 2879.49 868.235 4422.37 8391.61 9879.44 11824.9 11538.3 13156.8 10580.3 5873.99 3452 3072.12 5988.63 2150.25 2544.07 3817.92 3386.42 104.922
3103.49 2248.34 1431.41 2167.17 2388.64 3725.06 3282.87 4693.92 10435 9678.85 10768.5 11499.6 9521.58 6141.11 6146.03 3110.43 5248.37 12214.2 14710 15641.6 18653.6 18836 15728.1 12042 8892.62 1145.23 4607.34 1841.01 2966.34 5694.54 4561.68 3038.9
4066.69 2011.96 1573.37 2352.85 3976 3863.13 6353.99 8859.53 14591.9 14151.7 16306.5 17594.6 14054.2 10672.5 11033.5 8417.98 8374.48 15424.1 20056.9 20947.3 24549.6 23489.9 19921.5 16811.4 11975.8 4808.19 4914.81 1732.94 3375.31 5453.78 4005.14 5503.27
3546.61 1527.08 298.043 2897.48 5744.14 3682.58 8978.73 14068.7 19388.4 19439.6 22152.7 23933.1 19969.5 17410.3 16525.5 14214 13963.1 18312.8 23907.1 26180.1 27295.6 25830.4 22297.9 18823.2 11961.8 7949.44 6158.51 1359.22 3550.33 3837.11 2926.95 6038.67
1762.25 1628.65 3217.81 4314.52 7569.5 4573.48 10757.3 17769.4 22726.5 23451.8 26331.7 28158.5 25825.4 24141 20940.7 17704.9 18597.2 20281.3 24984.2 28815.9 26319.9 25511.2 22409.1 18012 9933.83 9106.5 7032.06 1906.61 3285.59 2924.91 3162.69 4631.75
1515.58 1555.07 5242.06 5527.11 8551.53 5684.37 11466.1 18694.3 23474.5 25174.8 27860.5 29228 29476.3 27746.1 22342.3 17506.9 19462.9 19577.5 22799.9 26802.6 22467.4 22588.2 20197.8 15236.1 7388.86 7648.85 7075.76 2981.1 2852 2837.6 3858.85 3530.16
3693.3 1691.84 4839.2 5590.65 8105.68 5512.88 10778.1 16586.8 21620 24779.4 26741.9 27058.8 28875.7 26086.3 19632.7 14257.7 15593.3 15138 17636 20009.8 17284.2 17218 16031.5 11583.9 5102.79 4184.72 6038.15 2959.43 2542.05 2299.7 4050.69 4302.71
4648.78 2601 2344.37 4405.65 6574.77 3807.3 8550.22 12373.9 18109.5 22651 23230.4 22042.4 23611.4 19457.5 13665.4 9823.97 8349.9 8168.1 10561.2 10787.6 12013.3 10288.2 10736.4 8001.16 3642.43 1874.54 4336.07 1466.02 2306.95 2161.38 3277.38 4071.38
3722.34 3083.39 1177.89 2816.23 4921.11 1480.04 5222.58 7755.12 13883.5 18651.1 17507 15227.4 15643.1 10505.7 7466.59 5946.92 1581.91 3751.8 4289.34 4944.92 7208.77 3690.87 5474.43 5199.1 3213.76 3562.05 3487.51 1913.48 2745.09 2396.27 1265.13 2201.88
1564.83 2759.64 2299.33 1899.11 3932.52 1145.57 1726.51 4048.65 9028.49 12564.5 10128.9 8395.14 8225.2 2636.68 5153.45 3391.93 4892.33 6845.99 6436.37 7791.17 3790.95 955.787 1517.53 3277.33 3052.48 3679.54 3732.53 4317.26 4058.9 1952.19 1428.79 2711.61
1945.32 2063.94 1755.35 1173.3 3627.26 2067.09 1140.92 1681.78 3907.32 5362.46 2946.81 5280.87 4041.26 2810.89 5454.29 1818.48 5956.77 8568.76 10262 9669.91 4134.19 3150.05 1611.46 1632.19 2921.6 2170.25 3289.4 5460.37 5130.64 1555.15 2970.9 4672.36
3466.59 1175.01 1668.69 917.725 3690.8 2517.53 2820.75 2680.78 3523.58 3892.18 4902.8 8004.64 3908.31 5532.25 5310.35 860.407 3991.87 7705.92 11389.8 9200.21 5565.65 4440.84 2501.72 837.082 2463.07 1673.88 1774.01 4889.31 5143.48 2093.32 2515.89 4919.88
3556.67 205.36 2414.12 2510.48 4019.69 3182.29 3384.52 4711.81 6200.99 7727.56 7949.32 9724.84 4883.58 7248.91 5452.52 1852.36 1872.53 5429.46 10007.4 7919.26 5633.28 5093.21 2824.98 2041.3 1531.93 2609.13 353.084 3233.1 4053.79 2237.02 889.06 3683.91
2417.34 1724.59 1768.95 3520.24 4410.93 4163.17 2944.91 5925.6 6701.91 8353.37 7751.52 7910.74 4808.09 7763.08 5435.07 2789.84 2558.69 3803.31 7320.67 6750.51 4580.38 4620.51 3108.12 2501.45 1954.22 2910.74 1333.41 1681.68 2714.02 1466.66 1462.59 2431.73
1150.02 3380.61 382.897 3365.21 4390.44 4957.54 1744.3 6064.08 6144.92 6563.02 5880.58 3469.17 3810.84 6339.2 4516.19 2646.84 2986.26 3821.02 4523.32 5634.36 3397.92 3446.61 3023.84 1827.01 2592.75 2548.68 1621.91 1042.94 2555.16 966.841 1472.76 2582.01
1690.74 5165.66 2628.82 2576.53 3625.96 4874.32 613.532 4999.04 6197.86 5490.56 4941.6 1131.09 2892.3 3191.3 3321.16 1579.77 2509.25 2841.79 2232.33 4347.8 2579.92 2189.87 2055.32 521.727 1780.1 1594 1295.3 917.974 2851.82 2220.04 2551.74 3810.03
2402.67 6609.4 4547.24 2060.59 2254.3 3615.78 2182.33 2887.75 5718.52 5542.82 4530.44 2702.09 1593.51 482.394 2447.82 383.936 1612.23 449.351 1696.97 3018.73 1958.09 1339.31 889.484 610.281 854.683 1217.14 565.263 1219.02 2186.12 2858.9 4969.98 4981.03
2371.08 6676.45 5469.11 1709.37 745.828 2528.41 4098.53 2630.56 3485.03 4285.71 3098.87 2392.54 2169.1 3069.83 1554.58 577.354 1107.63 3639.67 2889.21 2461.98 1593.71 2648.17 2605.25 1251.62 2078.16 2168.78 672.642 1404.89 607.363 2124.19 5638.35 5107.79
2229.57 4888.01 4917.6 1107.09 544.941 3465.57 5298.79 4912.62 289.585 1740.4 1874.46 3463.4 4331.18 3563.64 1082.03 986.939 1343.06 5263.47 3376.84 2897.32 1555.15 3489.94 4159.7 2018.18 2309.64 2194.08 2127.45 859.381 953.808 1038.91 3734.92 3924.31
2603.8 2035.76 3232.21 761.892 1559.28 3783.37 4846.67 5747.76 2361.88 1964.06 1722.49 3454.65 4158.65 2291.27 1886.8 1368.79 763.296 4039.61 2660.29 3057.96 2082.82 3010.3 4427.28 2998.6 2061.28 1048.6 3179.18 748.976 1459.27 2107.54 1464.02 2167.22
2738.08 290.055 2767.79 1110.59 2613.45 2134.07 2402.37 4255.49 2949.67 3755.11 724.847 525.178 1088.96 2652.29 2953.4 1966.3 906.756 1864.17 1530.09 2373.46 2956.55 3851.58 3778.57 3476.13 2415.45 958.815 3238.5 2419.35 576.695 2321.85 2853.96 1178.41
