0 0 0 0 0 0 0 0 0 0 0 0 0 0 0 0 0 0 0 0 0 0 0 0 0 0 0 0 0 0 0 0 0 0 0 0 0 0 0 0 0 0 0 0 0 0 0 0 0 0 0 0 0 0 0 0 0 0 0 0 0 0 0 0
0 0 0 0 0 0 0 0 0 0 0 0 0 0 0 0 0 0 0 0 0 0 0 0 0 0 0 0 0 0 0 0 0 0 0 0 0 0 0 0 0 0 0 0 0 0 0 0 0 0 0 0 0 0 0 0 0 0 0 0 0 0 0 0
0 0 0 0 0 0 0 0 0 0 0 0 0 0 0 0 0 0 0 0 0 0 0 0 0 0 0 0 0 0 0 0 0 0 0 0 0 0 0 0 0 0 0 0 0 0 0 0 0 0 0 0 0 0 0 0 0 0 0 0 0 0 0 0
0 0 0 0 0 0 0 0 0 0 0 0 0 0 0 0 0 0 0 0 0 0 0 0 0 0 0 0 0 0 0 0 0 0 0 0 0 0 0 0 0 0 0 0 0 0 0 0 0 0 0 0 0 0 0 0 0 0 0 0 0 0 0 0
0 0 0 0 0 0 0 0 0 0 0 0 0 0 0 0 0 0 0 0 0 0 0 0 0 0 0 0 0 0 0 0 0 0 0 0 0 0 0 0 0 0 0 0 0 0 0 0 0 0 0 0 0 0 0 0 0 0 0 0 0 0 0 0
0 0 0 0 0 0 0 0 0 0 0 0 0 0 0 0 0 0 0 0 0 0 0 0 0 0 0 0 0 0 0 0 0 0 0 0 0 0 0 0 0 0 0 0 0 0 0 0 0 0 0 0 0 0 0 0 0 0 0 0 0 0 0 0
0 0 0 0 0 0 0 0 0 0 0 0 0 0 0 0 0 0 0 0 0 0 0 0 0 0 0 0 0 0 0 0 0 0 0 0 0 0 0 0 0 0 0 0 0 0 0 0 0 0 0 0 0 0 0 0 0 0 0 0 0 0 0 0
0 0 0 0 0 0 0 0 0 0 0 0 0 0 0 0 0 0 0 0 0 0 0 0 0 0 0 0 0 0 0 0 0 0 0 0 0 0 0 0 0 0 0 0 0 0 0 0 0 0 0 0 0 0 0 0 0 0 0 0 0 0 0 0
0 0 0 0 0 0 0 0 0 0 0 0 0 0 0 0 0 0 0 0 0 0 0 0 0 0 0 0 0 0 0 0 0 0 0 0 0 0 0 0 0 0 0 0 0 0 0 0 0 0 0 0 0 0 0 0 0 0 0 0 0 0 0 0
0 0 0 0 0 0 0 0 0 0 0 0 0 0 0 0 0 0 0 0 0 0 0 0 0 0 0 0 0 0 0 0 0 0 0 0 0 0 0 0 0 0 0 0 0 0 0 0 0 0 0 0 0 0 0 0 0 0 0 0 0 0 0 0
0 0 0 0 0 0 0 0 0 0 0 0 0 0 0 0 0 0 0 0 0 0 0 0 0 0 0 0 0 0 0 0 0 0 0 0 0 0 0 0 0 0 0 0 0 0 0 0 0 0 0 0 0 0 0 0 0 0 0 0 0 0 0 0
98.1842 85.6454 333.018 -122.695 257.975 146.88 136.093 39.9046 180.849 138.835 153.289 133.165 -434.574 -104.854 147.448 -215.106 319.314 -281.555 451.371 -90.8795 160.922 -281.784 100.92 200.768 331.674 -100.572 237.419 -100.337 79.549 85.5976 223.406 -359.19 134.824 -50.6724 -33.2681 -208.864 -332.056 387.469 -254.345 200.013 31.6161 -91.807 -186.775 -45.5695 -14.0193 -195.919 -263.86 194.224 -184.08 -182.724 -149.646 67.5422 -89.6247 43.2639 32.0499 -76.5607 98.8685 35.9612 173.63 -39.4391 103.388 -104.231 -54.816 -159.862
108.305 -103.124 499.167 -174.833 333.845 -149.639 175.533 -304.436 -109.349 134.6 227.584 -50.4009 458.316 -192.682 -98.6032 332.587 -384.219 226.951 71.4363 39.0819 -162.877 -11.2778 248.242 466.327 25.6359 -56.4009 22.4402 102.401 231.636 -106.965 46.3938 31.3781 -10.4421 -99.1863 97.2996 139.086 -9.51276 -178.763 149.604 201.682 4.93473 -8.16242 71.8678 -124.234 -203.275 -76.7629 -13.7739 -34.9648 242.406 -426.672 -9.7708 28.0403 -122.021 -77.2968 274.189 147.888 85.7631 18.5423 -105.553 -26.8613 46.4201 156.342 -102.742 -426.068
78.1413 158.301 1004.5 -544.873 1188.6 -233.886 211.38 17.4567 -672.427 -47.9484 -46.5447 176.015 -237.11 -222.477 -34.4681 12.9843 -185.735 -292.735 244.682 -82.6432 -127.927 -318.255 -231.595 149.861 -100.117 59.7156 -10.1635 -109.293 -17.0771 210.309 -0.0616589 37.6152 -15.6341 102.668 -352.669 -110.497 377.282 -51.6509 88.6182 -63.0992 43.2957 -57.0655 104.651 -202.583 176.833 -80.4509 -60.4728 -34.6877 45.9565 6.89061 359.378 107.168 -15.0384 -257.707 -49.3426 -141.475 35.6735 135.958 32.9419 176.074 234.498 -108.992 -63.2151 -352.584
6.20988 34.3658 1102.13 -371.971 1997.45 -342.689 827.489 37.3953 -744.876 -106.197 -670.882 -403.578 -295.734 -274.655 -253.973 320.157 -235.569 -47.6953 -42.723 -230.381 -1.55334 260.993 -23.9158 217.861 90.9281 -188.706 8.5013 126.578 29.4345 2.84216 -141.119 -89.2872 101.532 -66.1499 169.663 250.715 -400.425 10.5235 63.6833 -50.6267 -261.594 113.139 20.4755 -94.9311 -153.837 -71.9791 53.7802 94.2201 -269.034 158.278 -288.297 130.609 192.61 -1.00613 92.3003 -236.183 86.4129 -299.791 -241.85 -71.6999 -236.504 249.026 -68.1254 19.3178
-89.0131 -52.8699 991.938 -911.291 1974.82 -1087.12 941.083 -287.408 -607.168 171.587 -1148.42 87.5663 -447.689 196.02 -15.7158 -9.12241 109.488 -5.09119 -186.109 48.1214 -28.8626 56.5782 205.241 148.482 -3.75159 77.2834 43.7428 -21.3801 -44.2928 -239.764 222.138 -207.253 76.8617 305.61 249.4 7.5 135.859 215.562 5.60135 79.2752 -107.358 7.6456 280.007 7.84478 86.4728 -41.1999 -56.8123 -39.2445 -48.085 48.3267 -166.428 120.544 113.157 123.858 187.219 -56.5288 8.33244 -253.014 -104.712 139.859 62.9 318.86 107.477 -112.698
-571.764 -43.8995 1055.6 -622.762 2214.41 -1218.2 1587.73 -199.597 -189.555 206.82 -1140.74 429.315 -769.837 67.0886 304.51 537.595 130.154 124.135 109.945 5.0601 -216.261 128.803 38.4186 -10.035 306.865 27.9017 -401.061 103.214 18.0114 -245.575 -25.8427 88.623 -106.206 166.574 -329.476 -148.269 162.384 58.3914 -114.284 49.6075 306.42 67.5266 -31.395 77.3872 -2.17725 -126.241 -96.5178 -142.875 -93.0944 179.171 149.548 -48.0699 237.586 219.494 4.54739 152.319 -232.884 50.4682 169.813 -101.656 -260.76 -106.247 134.969 -154.038
-679.48 642.887 804.433 -125.707 2540.33 279.983 1438.39 578.876 -24.5002 85.5265 -733.187 -567.019 -276.18 -309.515 -108.979 -151.479 -333.105 -11.3488 -60.8651 -255.623 39.4033 -80.6144 -74.7379 565.215 108.002 -264.609 -306.239 135.955 -13.8118 171.781 -180.017 5.8932 -259.581 -192.007 22.9489 -74.5237 303.043 20.7268 -30.5193 18.2554 222.485 -122.384 103.439 -85.8307 131.182 -45.348 294.364 90.6066 -192.658 -17.0019 233.086 30.3163 48.9311 -190.031 -237.951 -134.933 -26.1648 185.648 -54.4802 -142.273 -31.3919 69.5026 -117.435 -185.669
-594.325 -37.862 224.938 18.7666 1861 939.716 1116.64 1035.75 -18.07 -144.491 -131.142 -508.802 269.4 -449.878 124.602 -209.669 144.72 54.9062 73.0199 -283.228 76.48 -193.627 -29.4632 19.9528 47.7036 -198.987 123.843 -46.298 34.6181 248.534 241.15 14.3516 -7.51871 -47.7141 112.317 -216.864 5.00946 -68.5517 22.4799 84.8713 -19.4648 89.7177 -35.6326 278.366 81.248 78.3199 -74.8335 13.487 -102.1 11.8611 210.227 -278.746 -292.511 201.766 -105.298 -148.486 6.80598 -239.528 247.118 -81.2917 5.62126 250.281 178.191 -134.686
71.1477 128.072 87.1011 -292.944 1174.19 -105.537 1191.93 97.5421 -12.901 142.336 -361.542 -65.3065 -51.3111 2.86137 155.601 -223.534 -187.736 -3.33004 64.0211 -215.632 -39.5381 118.54 -69.4188 -304.22 343.28 -220.88 332.316 38.2973 196.486 123.139 -151.953 17.2022 244.205 342.694 -60.3059 -34.644 -23.6769 245.419 -170.775 -12.5005 -285.112 -30.1869 -49.5756 1.80853 -74.8385 222.67 23.6432 5.34514 79.555 60.3833 54.2465 71.5249 44.8254 -138.948 101.284 -213.763 -98.7422 47.4422 11.8346 -5.24474 -53.3738 -135.671 15.003 -13.9898
5.9286 -265.923 -35.9906 -238.033 612.416 539.668 -177.784 121.444 286.826 71.3695 195.472 -98.4331 -201.957 180.804 -160.055 -27.6513 -125.891 45.4586 10.5418 261.226 -1.36739 299.122 -201.264 -0.295334 131.973 -107.326 291.202 -273.269 201.692 -153.766 -10.6773 -83.725 162.227 66.8486 151.373 45.9776 -247.245 -84.926 -27.3665 211.817 38.0457 132.771 59.9564 -101.431 114.233 44.5208 18.0499 -314.91 -73.0928 -141.696 319.995 -67.0306 202.73 -42.5097 142.246 59.1116 19.0324 -59.8301 -46.1728 -62.552 -59.9481 124.391 39.2285 372.288
163.24 137.484 110.015 3.34474 -13.4928 -112.852 -323.427 -0.444138 141.558 -116.868 326.084 248.684 192.054 -28.599 -298.447 435.267 -210.634 -269.995 -107.555 -265.149 -162.057 -170.172 89.5122 -55.9586 21.91 197.305 284.494 -42.5341 -80.7892 -61.1327 -39.0592 -405.624 -285.27 -163.514 -59.7679 -165.966 -233.343 -58.5476 16.107 217.831 203.095 -1.42041 -49.2408 104.017 -90.1442 -195.904 53.709 299.006 196.098 40.3893 -207.258 -362.354 -159.452 36.8657 -16.0365 266.174 -64.6587 -413.156 165.013 184.561 287.48 -348.836 -30.1601 113.238
0 0 0 0 0 0 0 0 0 0 0 0 0 0 0 0 0 0 0 0 0 0 0 0 0 0 0 0 0 0 0 0 0 0 0 0 0 0 0 0 0 0 0 0 0 0 0 0 0 0 0 0 0 0 0 0 0 0 0 0 0 0 0 0
0 0 0 0 0 0 0 0 0 0 0 0 0 0 0 0 0 0 0 0 0 0 0 0 0 0 0 0 0 0 0 0 0 0 0 0 0 0 0 0 0 0 0 0 0 0 0 0 0 0 0 0 0 0 0 0 0 0 0 0 0 0 0 0
0 0 0 0 0 0 0 0 0 0 0 0 0 0 0 0 0 0 0 0 0 0 0 0 0 0 0 0 0 0 0 0 0 0 0 0 0 0 0 0 0 0 0 0 0 0 0 0 0 0 0 0 0 0 0 0 0 0 0 0 0 0 0 0
0 0 0 0 0 0 0 0 0 0 0 0 0 0 0 0 0 0 0 0 0 0 0 0 0 0 0 0 0 0 0 0 0 0 0 0 0 0 0 0 0 0 0 0 0 0 0 0 0 0 0 0 0 0 0 0 0 0 0 0 0 0 0 0
0 0 0 0 0 0 0 0 0 0 0 0 0 0 0 0 0 0 0 0 0 0 0 0 0 0 0 0 0 0 0 0 0 0 0 0 0 0 0 0 0 0 0 0 0 0 0 0 0 0 0 0 0 0 0 0 0 0 0 0 0 0 0 0
0 0 0 0 0 0 0 0 0 0 0 0 0 0 0 0 0 0 0 0 0 0 0 0 0 0 0 0 0 0 0 0 0 0 0 0 0 0 0 0 0 0 0 0 0 0 0 0 0 0 0 0 0 0 0 0 0 0 0 0 0 0 0 0
0 0 0 0 0 0 0 0 0 0 0 0 0 0 0 0 0 0 0 0 0 0 0 0 0 0 0 0 0 0 0 0 0 0 0 0 0 0 0 0 0 0 0 0 0 0 0 0 0 0 0 0 0 0 0 0 0 0 0 0 0 0 0 0
0 0 0 0 0 0 0 0 0 0 0 0 0 0 0 0 0 0 0 0 0 0 0 0 0 0 0 0 0 0 0 0 0 0 0 0 0 0 0 0 0 0 0 0 0 0 0 0 0 0 0 0 0 0 0 0 0 0 0 0 0 0 0 0
0 0 0 0 0 0 0 0 0 0 0 0 0 0 0 0 0 0 0 0 0 0 0 0 0 0 0 0 0 0 0 0 0 0 0 0 0 0 0 0 0 0 0 0 0 0 0 0 0 0 0 0 0 0 0 0 0 0 0 0 0 0 0 0
0 0 0 0 0 0 0 0 0 0 0 0 0 0 0 0 0 0 0 0 0 0 0 0 0 0 0 0 0 0 0 0 0 0 0 0 0 0 0 0 0 0 0 0 0 0 0 0 0 0 0 0 0 0 0 0 0 0 0 0 0 0 0 0
